499 788
600162974 913882628 63938715 84404706 451572200 713589167 154887751 667119089 364342964 362633781 41937292 165660516 107926206 107116195 617309500 40187232 421693266 758203536 62527838 601616522 57502632 649329408 445128496 558465046 113469638 635642039 659979899 263529793 102585228 404599817 106349992 296993576 284387275 568181158 891458729 568632431 43807912 475740877 250992208 520916955 881683927 301897595 449044706 315260524 504401270 68471054 619135069 138847787 119120265 524666991 27555667 694305970 279755382 535526122 228794538 182596070 405372498 563704083 915240370 894707309 531009482 634642088 243419753 605805370 533865006 15051071 952910837 494176348 732133964 702062561 153635403 147930400 390946755 776442874 195000622 498290459 434695281 343778407 318409891 999919746 468296619 353948965 254977369 380195337 10972736 931540214 150607447 47958570 685175182 428158024 170133844 704594461 267011614 987605971 574080018 616459491 447561815 708232951 948526686 846125373 299272475 244818865 608323975 443331091 562305300 106267457 326521886 351001973 876193837 78222406 430226140 489941735 713306095 48038595 159523298 383236925 158571571 465849724 547731610 882166378 552380653 267973778 375366262 36270629 373195997 230130055 22673820 252025105 200837384 579683643 351366667 720422760 568170776 235345667 799902920 500364506 690327388 523398707 215872892 433712310 20940366 534477776 913451540 596935609 986411621 331471628 259387693 922475145 957196492 360656999 286728566 85017982 507089174 937202932 606750973 501498607 433241580 918561288 435352176 252617976 23342751 237606679 840044201 20263091 940123135 558999812 969201461 874690827 386113388 945813931 381178603 207266693 530538734 269856919 896896306 910780418 212105967 714752874 26102333 709441613 29251601 987270826 550007098 685758712 289956058 511937936 691323966 833167197 751129948 705733531 446008141 327970359 749400338 340004325 918976686 845482847 34584836 152014164 841890686 603777586 439732572 369111119 354711084 286932195 643232270 572074006 984712702 320762881 931997493 53768212 939089259 62487008 37215199 599500154 472569814 397168570 72203507 243419814 407327783 614597235 135445668 836217428 793537925 374040323 404721182 522189351 2314270 664263858 433408373 224015983 314361155 407824364 502689284 208457892 76737801 243597024 941967638 143207346 354741522 191716426 344279863 218774776 539687429 811556898 48812784 981823568 731876387 653074206 201871498 147739283 356644151 653402726 699162145 607394815 924840119 57531948 772354575 748761657 160228394 176707533 883265535 826525504 609905046 675035933 80537528 895004180 672346655 19330573 819765338 282929854 59316802 348558881 550262950 117912048 746362343 918158152 134836751 527589660 661174764 388528245 325530004 798734080 343758699 211203282 992780875 761232415 508384603 316161918 856635449 879162333 920499144 373339427 472302073 695749327 664976487 325997253 331164215 475452798 947508172 319653507 445622976 508664834 205763176 4781191 434308386 395349330 927829422 831143496 177259434 115112831 121702526 768709953 180529952 349262590 105084833 483383968 833133550 784731109 294968709 324654358 233106092 401970973 616649381 185385546 473027753 46816888 634543985 502192431 37949692 697382233 426677943 86959319 644029759 864447643 144682799 7084061 793731293 842917786 349447983 943638857 815412183 483956181 945867271 616606591 385378826 565567616 797806795 397155755 505737113 758831380 886356303 275273963 844326543 100901532 584224910 181622700 231334066 765346391 610912873 779500068 699572528 197941371 370895474 957000999 203413597 923207277 225181049 943479887 94703965 111995300 460244582 293551709 415522682 513729121 62711829 31022554 803175351 728678818 267116841 755634965 953826065 213855354 245098370 124675094 151793441 823649479 771992159 650385177 643345237 731819596 81603939 768345280 386606211 453146619 992669655 163518885 707014087 613218854 884455025 658197083 992492108 628218364 91817121 501943335 43564244 6951647 719221432 877091883 471490556 447416659 920980525 132404332 75156076 345323668 804535797 517216893 967765486 907188595 316430771 593682517 730047455 870591125 35525790 901967194 480769205 971627888 678781631 622765196 525577482 230351696 260989047 946147786 912753179 339070534 812757941 720687225 383747106 412259657 809374077 193032879 949663948 921818581 194022276 622377803 203077981 591062225 777469700 877257668 660439474 252156096 36449780 788917591 786285151 283593994 674967557 638646240 111200177 172470375 72712063 268895934 907869728 874816362 516420411 997938958 519539708 793272266 875731496 143390762 994255401 491532649 928734284 527965303 966821438 976305137 913351432 451701360 565786844 787777442 521444375 287417000 925474810 845339168 953122136 930771715 333843458 173486870 367909164 69496612 75487206 131132869 101085884 783569291 715377591 564437381 233531731 820695188 685519248 801868244 668552960
314 140
80 331
57 284
113 117
15 207
161 50
120 409
169 425
252 99
213 377
399 353
258 449
185 203
35 4
226 410
223 489
95 70
334 273
141 310
457 341
206 268
246 249
255 102
148 87
226 74
417 129
369 307
80 289
179 394
224 116
393 463
216 472
267 446
271 92
368 336
23 301
171 37
3 450
113 256
40 326
21 439
435 146
499 138
417 150
142 249
431 72
38 302
213 104
230 336
210 75
495 152
490 72
401 143
357 24
83 387
240 13
28 475
417 64
341 334
499 249
222 316
429 412
369 315
263 307
156 370
254 445
325 86
216 98
325 476
240 49
349 228
467 374
233 86
25 347
181 38
10 113
136 243
369 345
363 143
161 462
39 25
243 139
102 497
451 37
33 99
184 490
360 322
202 443
275 22
470 29
13 260
63 323
206 491
51 375
123 183
188 342
259 183
140 235
419 460
15 117
64 299
461 423
322 328
233 338
229 479
470 178
162 387
216 449
433 103
44 341
436 32
208 349
362 434
262 293
289 109
28 439
461 328
474 382
480 238
311 341
86 140
471 244
223 307
386 116
352 190
285 249
102 188
471 479
21 2
171 453
87 126
56 303
193 88
294 457
384 266
256 166
367 105
386 123
228 411
225 374
211 415
429 261
331 127
415 352
112 124
268 479
460 452
142 217
369 411
33 388
137 115
293 297
234 201
147 59
35 411
437 333
259 332
208 453
432 203
355 319
352 30
240 171
289 99
261 116
169 346
321 347
361 17
395 343
111 214
267 236
458 188
231 297
141 315
262 109
138 267
168 390
300 14
338 6
77 86
259 330
153 258
203 484
267 295
218 180
414 235
282 37
149 50
491 319
136 482
283 268
142 259
357 297
9 276
260 497
387 214
357 169
25 143
314 326
379 374
255 253
138 380
351 147
334 114
13 51
3 385
156 154
433 330
223 205
365 20
316 146
265 385
310 244
447 113
224 72
158 389
248 499
275 347
318 359
210 213
465 308
195 269
255 247
405 87
314 159
406 177
465 171
455 132
398 203
208 48
305 143
10 103
470 429
112 20
54 131
254 327
485 152
246 252
174 394
367 456
186 363
52 205
73 239
189 31
266 277
13 64
181 275
64 154
101 484
12 498
222 256
192 253
74 200
83 465
53 281
495 92
242 122
393 166
99 441
402 451
85 48
1 307
313 445
397 143
9 105
13 203
260 426
131 312
386 333
412 66
58 300
144 207
415 340
60 372
269 115
206 488
271 466
131 51
30 274
460 45
156 427
168 205
278 428
262 272
245 397
314 379
11 151
425 327
402 108
125 468
311 4
172 292
285 69
488 166
106 463
215 404
200 334
94 435
10 197
111 313
97 302
227 196
29 323
86 65
319 91
390 17
248 309
210 44
167 215
32 327
432 192
143 431
23 377
320 152
41 476
281 292
142 472
399 93
279 468
360 239
436 161
269 264
301 284
125 45
275 198
12 339
12 227
266 213
151 23
338 435
232 1
222 262
191 493
406 274
381 169
342 199
225 452
238 316
322 298
26 312
354 342
54 379
254 400
497 394
444 217
1 5
446 65
381 145
132 317
238 171
281 188
82 389
233 121
232 304
341 450
117 379
63 87
368 99
288 143
131 38
344 464
345 27
398 134
468 193
479 420
229 137
380 90
481 27
323 334
83 156
191 84
25 335
223 269
32 460
18 154
198 182
288 194
21 437
4 227
454 193
338 121
260 310
413 388
44 97
299 298
162 350
361 48
39 239
43 434
488 133
141 132
40 193
391 170
228 14
442 333
419 31
474 230
71 235
459 189
340 449
376 363
119 67
470 107
55 46
352 148
464 139
63 350
494 156
223 368
356 77
478 107
392 330
470 260
368 150
254 418
285 369
370 332
473 391
373 107
223 182
276 4
320 464
419 368
214 249
112 304
408 388
241 37
230 1
81 378
162 476
10 373
110 478
358 156
52 347
443 121
267 452
457 317
238 417
300 456
307 403
480 296
38 312
85 456
355 67
407 98
19 150
449 277
337 450
369 78
488 315
167 192
84 452
191 404
387 488
120 139
187 227
93 392
224 155
366 92
153 200
56 434
229 170
410 364
198 225
360 205
352 27
267 134
250 462
157 184
57 335
467 7
65 105
99 49
127 293
79 367
79 37
412 120
390 273
246 110
149 182
321 128
159 16
162 495
3 113
150 66
159 61
210 346
425 346
229 372
100 339
34 479
279 406
409 453
158 448
111 63
496 109
212 28
181 92
206 237
118 347
494 354
165 329
25 423
100 346
255 282
157 477
24 328
207 468
351 221
406 286
447 36
364 70
416 31
423 218
489 209
13 59
258 177
415 468
18 88
444 253
150 239
160 89
52 437
369 117
206 481
487 347
392 139
340 288
252 245
58 233
444 182
111 219
285 313
101 385
362 228
298 426
265 170
369 279
291 217
131 404
416 180
341 389
234 413
79 273
42 28
461 424
48 460
267 301
396 234
487 163
189 107
451 404
263 370
124 250
294 405
337 217
144 357
471 175
498 394
58 327
19 451
455 190
237 154
312 453
144 344
163 16
475 72
29 165
396 464
422 312
57 182
433 98
373 428
430 95
29 37
153 146
234 247
5 253
79 84
53 377
383 321
283 344
405 418
226 135
194 350
485 317
83 219
407 204
44 406
200 452
266 171
39 428
24 109
444 290
90 332
79 108
52 183
487 453
96 489
395 22
405 137
118 121
174 438
492 379
348 195
46 477
338 241
158 308
337 232
181 403
1 119
378 250
399 329
242 383
367 370
429 45
253 236
318 288
210 239
300 253
55 409
93 459
212 423
271 184
51 284
421 174
335 296
318 164
79 194
212 495
247 150
211 273
432 347
360 229
281 411
257 180
381 371
64 441
248 62
151 428
26 198
108 427
158 303
270 291
354 27
8 462
242 244
352 88
69 319
320 280
57 147
341 453
120 497
255 465
174 346
165 212
162 155
87 287
361 106
300 317
23 324
208 171
351 14
474 498
184 61
153 324
247 497
30 20
491 497
23 485
188 105
360 327
444 238
213 418
429 400
381 130
377 286
340 418
151 5
176 364
79 245
42 390
65 349
378 359
469 43
116 61
170 297
407 141
234 423
483 180
18 114
356 43
160 274
309 1
283 231
268 371
223 302
191 389
144 462
436 9
133 374
368 5
233 100
96 40
132 97
83 348
81 82
464 426
486 36
486 317
193 434
232 2
76 189
165 186
116 332
95 335
436 173
47 159
40 132
375 274
50 350
383 128
356 193
148 188
352 430
210 199
336 330
290 239
94 457
59 475
365 251
326 204
129 302
62 44
128 139
28 334
433 165
357 363
47 231
79 171
169 120
487 65
281 331
243 45
143 119
158 251
68 17
395 392
11 346
278 467
483 71
223 385
456 70
410 477
220 291
276 109
376 282
144 408
77 61
2 282
342 264
306 288
259 313
469 442
473 300
225 204
89 163
23 67
275 375
196 293
283 198
220 475
442 204
81 285
131 258
444 252
205 282
232 146
326 180
398 177
98 37
389 312
322 286
213 324
440 320
187 134
270 347
152 453
73 48
