1060 1781
369636965 58011460
677898856 737100952
395110085 254169033
148848966 581958510
497580291 575679202
859804196 617334744
163568735 899951808
304129178 383837380
471025694 626351080
566311632 31896751
385190764 359871323
468852263 233485013
529439596 85785112
615109651 831312386
943968851 737095987
319500857 656893060
905505591 114869193
602402039 619184658
3027879 369692619
529085668 552721681
652094857 959182270
925439312 173376523
518308387 731158077
515026573 930861731
880862759 989647330
767682800 24479804
306537726 358697291
700491898 190095906
465595215 135717376
39611764 400604712
330801098 325555053
883160088 828242332
623901527 435989120
608614332 972126788
628137446 872287728
390104082 938272900
959528686 257908566
627130396 826800449
330866962 2959076
19082603 254338260
428952033 315043999
726773220 260803960
53115025 769788519
686489142 367261579
502164774 16973779
827467628 745796997
978652809 47194123
248502954 102531709
770232173 34415079
734327095 601273174
944551809 635090478
476286998 300639299
220791708 876093855
781255283 145624125
900248824 432441976
585649347 651577881
69171379 831665521
392900806 121156689
520034108 505085755
378310158 575567597
386026346 651946039
159709144 835677160
512787872 82880994
310881040 855302856
461272461 811697544
891375182 962410909
703495237 205380373
544094592 207174529
206300575 668954486
521355974 887241454
213545780 291924372
406666093 489853674
766893881 618919187
657267126 934828216
508416485 663735113
990125894 838238422
27325617 967945908
978132824 658934940
405294491 761472576
735658717 86134022
401820228 480304344
181310008 410483560
335678419 860889547
205470362 415028924
215942920 15339881
408408527 32872368
413347989 557191044
688805213 548147374
265751121 221537171
336033687 390635226
757899144 912834724
490889421 277459711
640734983 129539426
74258008 486508006
249904403 310752802
774109198 795772480
846582002 921704057
716943820 983583829
118056211 253366511
26720296 931460290
225255389 541188731
701257094 815561028
105230494 618339533
481884100 91177291
713380588 145087941
224043864 297789419
262725331 399962476
880752971 755178330
413310868 963777905
67729258 772032814
318139357 386973859
912068009 167738563
998578947 139056728
492200042 532329415
206773237 184479776
951001678 641889725
558850640 107061351
857560225 751226196
721538426 282761456
887209954 24758648
600479906 903109461
289073504 83347797
799995879 17887289
67974694 461416459
43598061 40042999
543895238 655147086
527664199 988914315
211959677 251563658
71684831 364994013
441004254 21159568
788547536 422657924
526921304 797813626
579269394 742368378
685139201 407048495
937653482 926082381
174301616 664069193
641017731 85147314
236925313 860938800
573612761 299108480
987210213 813267596
430714023 24730882
673176777 786636380
478789299 299082922
523999543 924610763
554693525 474233635
332762718 486458282
551163850 196733122
202028710 796414370
915849002 81906718
897964520 181772051
463532851 47098034
549251707 619909005
258417346 277829335
113240482 809792794
345246720 81848884
464845115 229414117
459428526 396932122
123835297 809462014
443237104 361531370
311929231 103764620
371033229 332769129
597589754 98838822
362364127 479581620
518628587 854288648
846181460 408442474
446489644 982266959
85072565 57241352
554745775 659988688
388112939 475469130
987624275 415060950
543568478 316867902
430479409 888933088
87678152 478360036
320275562 898523184
355885670 639790696
14669940 83634837
871238528 35547263
808821102 47003762
947419033 152963787
630848487 150219506
974273083 994728729
803397385 51562549
434816190 127213926
816572995 414675780
722132317 745028367
413023066 562419387
317921009 543101549
931842322 928593403
68815911 987761651
36038045 778035286
113769238 550112878
408881889 503102606
678365532 14377210
706088808 169010168
587349408 521043307
949557169 274901955
909183516 372619773
735966512 795011895
454956901 488643231
630715748 441584372
510980508 671955947
249298327 399380233
478619976 459339880
947228768 873674772
308913601 201347132
360877346 785404537
234009890 179048001
589222578 428329205
664347473 380194822
994746215 624732017
852564916 781645450
772978573 276401302
459268757 827109433
795883780 625764209
314122428 328499734
701184039 53248759
867450863 990181393
607413310 296655920
405593422 361299349
173146438 511625276
234540841 932628012
306484106 64938369
315774075 511467512
581623231 289511310
879777450 6207592
528460954 783145940
757470352 79196990
768520828 931126667
365910488 620461579
310324867 565818646
199498916 399600060
797508177 251882942
662494143 76758047
684213403 211557997
166397418 319744950
309719422 842223626
98284062 859723589
339712849 278599987
208376431 23557844
437433726 248019946
884748255 414613297
542318529 388471108
488987730 314826875
483205648 750979959
718106151 687662908
607760373 289639613
688786736 418677732
555019269 983774927
334800791 157779693
612036949 716455373
180596364 13265332
147580253 416967724
967664913 253878248
225975299 759850888
606536752 511861335
873263256 108761386
550440508 80992942
147912199 125169853
888262237 94433610
479936152 328192603
41968844 646313354
685822495 575797458
443928492 988146583
72049825 92502977
112512891 650876118
360047384 187754423
487509426 952975120
884692903 545380184
548639231 426432331
375337158 293030956
997569293 920330707
825892137 836189643
368904656 914670092
969323953 728293874
59888343 659060115
151870773 306182898
845587332 448465552
805056028 739367835
162494815 75532651
885359519 497946491
567137914 157660708
923874903 67369271
997244256 88717382
266021445 668444309
540189745 384507676
202919112 776509543
109676198 186997831
342663901 620274402
569434465 703803545
857938943 374083721
446120006 245600732
365427020 439333627
685377511 636805393
117701281 597160420
835861804 60951280
617082505 153971224
997886607 95536491
981105676 632343637
348475372 754288564
472869426 999392879
786951861 788234096
72243964 604168866
876733760 872911510
946340784 174317445
226658631 59579025
635866283 943567048
391613361 887238988
86350741 595345605
633372598 52152937
737168368 565760288
448313985 606606891
295174570 325245639
454040768 641866766
121762276 123197111
435795621 476370325
492433902 154296848
347617856 14964329
555195558 653231725
547918845 472367249
263051012 964404852
582874255 28477741
331290623 27849067
679783028 280058794
158341593 108674001
421477340 876604095
577356555 312670197
65160517 677309469
236930434 611622658
184753583 553072948
260849286 928571794
817447409 959362813
886953279 50498358
492240119 803083632
672793965 331875631
315268277 712812038
651908045 679648449
380603934 147683459
168540159 429069194
566384080 37506870
926715510 444637690
707534109 921909042
178383626 404919840
886011687 816915132
998204484 968504726
916924872 982344967
891490378 946094028
425119895 905730704
522010266 82390285
463648498 475894513
4318032 871773541
237846905 701022172
432379357 777832251
746335992 466361370
428517399 684051325
30121957 706434091
172234093 66242246
416146081 754365902
951319155 594360272
156854355 154330405
177515155 507204678
788957092 972971276
105472905 612263674
982237872 157307696
605046520 224265915
312991987 204626680
964944131 900839104
378456111 355249816
615831591 687935145
826976869 50171752
297244600 69671331
328407326 394674738
568082155 432278789
438746744 404788927
291804068 166491445
605445296 172632411
266457360 433215098
781096373 322466883
357507947 658747512
445532550 492524370
370827102 413103572
136585942 427934812
249138990 905351687
668133456 882039535
480262817 58334587
360530980 176948246
708770489 394762181
912438806 460921262
837513338 125365012
343090968 750357142
926191895 712503514
554240585 317149219
244849409 18358796
70414620 632601982
103002851 532127702
745123254 377986899
457562758 520667141
472114251 690080365
479358272 876803911
539913767 782192829
816083213 189428054
539265352 32212772
21484555 501353478
987862725 2836087
740806848 642727939
443377582 387240487
507230795 919422806
842023030 165991506
793800864 116598607
797281717 245796336
444871809 465294105
812435913 563005373
415649104 919986046
670807867 849426311
100326685 167478302
407760506 900444225
713634977 496478174
645576248 648153488
100697207 133240325
666272283 552113209
167239981 287454303
96712213 41995205
955444719 215845160
330508294 313983276
208343906 242629983
979935861 541238782
589215912 146003657
425352161 524510092
30828807 426008961
751815982 690210639
467668406 819750272
107071594 448766520
826301713 920043812
619909809 928814025
241845401 726875181
994707693 761086373
227659400 10777495
765195596 842614694
422735701 361021017
664532542 547177726
330398951 804585185
144191518 79731040
250194993 647498834
483217693 439699765
752723916 733644590
446702123 759284586
693431238 922474251
7065919 552166573
634445998 511398145
725229349 658333546
704053919 818727651
699243996 62607106
159380663 656902454
754895841 150776256
409395012 391724800
891899852 676243093
289038019 920269347
827937247 902069767
37176825 317838449
141697234 53828005
890582547 492016361
125116614 841309371
888958073 954926459
723643386 751709286
639607418 946708655
818931493 634670042
191809251 416790846
875161933 20715907
109910732 566722190
637783947 702398498
679133613 264704310
135843308 606202768
84760911 960028157
448572843 44797378
313804715 921990381
411407801 507484763
507076600 886185279
163505074 872865272
114111675 936841654
587366998 240211670
693044609 153510391
300292831 62433392
980800455 853152853
954683978 444035494
833803535 917995311
440757431 275002995
464047280 384660510
210629869 778024203
929248725 550445700
592663279 10844546
183263854 440226057
302901956 66042467
745056693 45001404
597352815 222241392
235322345 46018016
410345070 437862259
480376108 515938806
94997585 200137544
403632287 123621586
180535798 745808560
708017493 386751751
649562346 969059239
524098056 968214210
992871215 408229834
733906519 205066176
848760206 607320573
332913148 883967816
506585030 265368062
105284868 200665961
612501375 161418213
412216689 145257111
398865399 846497970
441879006 165391990
576504029 969462238
883048246 774094768
423753181 381870911
487785363 499014406
613619523 488769267
587690768 288372617
928735340 267216758
431449968 382940916
468032732 141425450
80054504 16471770
656289745 984955878
21041869 48512732
314406578 428307951
14532345 827703852
417471513 400270732
317853816 8598889
961631492 469110300
671840446 813216623
16515638 565995229
777649090 482918071
380844920 22310167
945778429 830327491
670960124 884801727
779371558 657068935
42892425 303677616
199104911 581594516
144423986 929773114
181312929 94722944
722236009 428181261
749123941 294879468
174442862 566073675
834685466 127270399
28088068 974061150
430695919 186826836
269425699 605163102
409198098 73996317
381790631 92676345
962999376 212279867
558007540 81455725
355363442 619279961
464064655 357846913
873893211 510593792
402322349 298218957
25429585 654004598
556664757 818197141
607614647 762255351
231054430 237510801
808347649 172755346
501545361 847680191
342705157 766877910
408485770 724290386
363683022 586297887
939474782 200931053
658180549 627795864
632054985 108199773
183035271 91735032
700632467 780276015
825126292 727921536
56532168 149943047
431572658 697100892
534574826 246988039
672296235 257998907
544013964 422038752
554313746 299947538
960634681 550838334
244561393 30081710
248146738 80533597
602962155 990638416
932831348 515026680
693544052 547406469
998208265 378427160
696229515 981719044
670016548 647962141
743307668 511295594
21158097 317061369
193660337 677384953
864799806 808113109
999974817 444136398
248836266 97499617
398459562 627031464
836840384 337108822
60513026 221291869
196366145 7334062
74521243 84006346
488877746 793307008
409140883 873013333
408403885 256332599
921638860 389436801
749557082 562657410
151930971 565080613
315811168 168158427
584861912 39609359
21659490 785609809
132506683 210587715
978362806 716404101
202068553 668034021
436021197 693170191
348852400 826018489
128905083 805171165
642583495 582446228
757802264 448706794
485644369 77444608
616594991 792948112
547947104 891735382
402741351 54928643
735994279 389330206
136431422 309609645
27771772 73529206
230179147 598842607
803490725 579289783
830815031 534839144
348470732 764146078
472541025 571500897
169091069 274707098
279696239 824922568
406762110 624941241
523422069 635801568
739005962 908856176
424666709 620913498
869476885 757356645
142733279 348859654
441636825 526455336
173037665 259185353
809015550 803326424
215279214 505277319
752690362 515106027
477235097 514240331
245249303 407953774
283714089 215168603
37468107 755485188
476065573 249637858
72837338 719098547
199025775 914234607
110675192 287626347
943399459 929090066
893588065 239846941
987885129 647642866
713365691 311740591
977234446 710055010
856698509 777379058
460612174 260560742
486602311 183228927
525465326 623256692
297898077 561077710
465651134 238907712
862639419 932073396
280027008 224067525
207571207 531147832
9791053 216207602
856534702 774592518
214334955 276607274
83559001 876244265
618701125 151894119
963762753 174036658
600020662 175636724
556618931 999069698
148163506 939727626
948542800 227465225
860071686 434734508
686081725 333658992
124373038 381800779
386527353 166951443
759853833 744462820
594827999 174899318
61486659 966116009
690353403 826710866
312908206 722819576
314787830 592450311
847053783 202773652
934768696 767227000
747318264 385775325
226160079 806931419
148192855 268167604
841204894 229161407
747670847 169000822
715454524 391158726
959352540 652081335
981445679 105947219
191060761 228540014
401497945 523968356
549789365 186349510
405958102 727510251
218961172 510062130
883805164 973952929
917068030 544237290
105087962 398956108
79340497 725125247
897408147 589888977
474637208 485283799
300199862 557896853
823455442 484550786
623833578 24812540
926523687 728052592
814506366 458034146
78370232 418793278
412087402 2293565
622299021 774228352
204892524 283079941
376892149 188776596
650696695 194760503
549370219 221528205
54472385 118590487
90090964 687233399
795487939 641189629
606359121 873558134
196184365 264840292
353809120 70647329
10619047 146057928
568487677 435564698
276755142 434678756
239892454 886898713
46623293 694999618
823982030 331091630
50121291 904306374
171747246 663782575
919918239 863217482
625538383 569966005
597405964 691154192
222363153 864541625
723053616 438713567
506557376 789927957
505100693 931415227
870708329 535092590
328468656 264806279
269809146 902081456
819570955 913126212
232657744 208922700
103571025 672869079
603464940 706855998
640647902 42958235
380214338 480411155
225962768 353895762
721190451 36863044
143571001 649092790
388690948 114744347
558945532 796301909
208775083 604467619
882700709 723247242
807646563 597868325
961532903 795103945
908166855 368148955
628814818 84380460
377982072 750364243
592430597 970033742
636264521 43379563
480060432 277915609
665232072 704280974
423645125 913215960
808381334 354252406
755803255 397086497
37571927 420034961
898178456 506293706
704631450 809297942
97140689 716761399
762865004 598555777
547912999 247818405
266854802 790589389
678648339 652154633
545440439 902600206
419026389 685520355
536377306 547521845
593779447 386196392
634032354 600004285
327788932 678895732
144260712 195131845
688126445 758329808
835906715 274695484
30904737 596496734
116283197 508092326
245072784 831620340
206382955 926795862
525019519 337424323
868326157 432066695
733072366 109261638
456045560 835950479
54831094 132191161
947443410 519508927
939307003 294057750
648475368 252145295
692355170 371487893
76134819 979898045
731440473 872120416
470550877 87822404
26414590 740646268
547861556 677810095
117663606 832161124
272684674 831300550
396753013 12829454
312925165 48570638
333414673 10748736
45802597 728751354
959624666 605346537
542345238 229211932
65718143 980672623
537294063 727833558
199191209 523591155
287205917 51849447
942314649 674695827
792135740 474526040
83473688 47994012
804514096 253684936
287058626 902275190
593852775 754334005
736269870 92472517
421096365 724017975
121843929 61125036
955887463 823608149
909142217 69257344
460795296 862784512
464361847 598497300
797901724 59070746
16068809 386770232
401463804 256452766
639230717 182101535
829220560 904053986
963375232 881384483
152773912 637179430
798482911 414695248
210755585 497122861
628033389 2353525
271298506 999195889
372020144 472985017
630374056 928833757
36035803 174607657
440075648 682778352
14449727 237063922
230279010 386969944
363859369 957118425
579694284 589525127
80627703 995422467
675844046 246335073
237527357 375490627
154051511 497557326
41493283 480249989
317222207 903427518
245549435 37522187
39502775 947830490
324568527 709842234
817075548 222755149
605168655 770965474
892479272 328968047
405238186 4939376
890031328 442355678
907885730 938409881
735643932 754667592
42040820 46119852
550243186 113037934
293688284 191664429
444582521 272545945
759617150 644045607
397688824 899217662
271170691 619340190
188487648 946990346
126358726 513441628
511060849 574816421
291319973 536927940
532064298 456738403
524611720 512279593
270282328 881002895
74637104 525220296
55729220 665136268
998908522 309288964
588641402 631015458
914372770 269581763
747029344 407750899
558866541 695866182
708188374 133855320
211300238 263622614
139097140 465142328
67755892 834585303
364453944 559879192
557304681 275301978
503700740 484581686
581297804 365450902
580596069 672124165
984658568 942216679
301101572 401241690
987800932 235845002
416029744 373185298
776887038 424753978
580231185 284509200
346261744 656613281
649571831 366978069
156656026 665678983
687988915 228131973
835354015 229448848
211515761 672477603
905780297 89362173
956213733 683108799
509169163 482572876
74189321 617838193
283213973 235717643
769632148 127995008
687893114 791659539
270302930 323083934
907581709 290736183
309064442 173194589
994623335 318101565
803832128 587449587
485391836 564582756
402196383 779397851
26470263 831752113
554097092 777457689
595629799 672879333
25107978 97099234
236097118 816134219
491515316 709844196
703400933 152293189
435703590 564849317
606819586 922650496
447027721 156936825
715051110 975229861
512970677 446270623
923639457 124009607
343136092 373992332
602555606 230190306
86121084 75135441
816583707 979380094
571064847 272621200
968274344 779917
758801382 580259025
45816998 269030708
53566294 231146493
114788446 390932509
567745430 344582704
720204072 189171702
346972207 527978153
761665105 980535283
592330217 10935556
290089333 207297144
893525744 988445510
672230116 955088259
982038030 151180312
940991817 62265675
823498013 448947788
430833800 87760873
436060788 159892142
724859399 249351290
231499817 613890003
493844220 696176504
506937533 878035597
495396510 793457355
502887889 772385596
447269060 287918240
550207765 118439520
348777490 539069020
598707875 812106416
77873004 323003886
204442256 387406590
872130080 54838773
415001156 966080930
97071388 353692236
268370929 737457666
894896955 701437308
313795131 645198222
572052428 678599913
925621877 307437649
161198187 736366909
30888546 723323651
784001967 361235620
603928981 893159860
694867213 909370219
533816131 334880858
8186427 87842712
87497376 569438901
529035491 951357847
10055263 197269645
655309639 688640109
697321531 809423882
880694361 44857791
526147728 387448874
784839707 822168807
244762097 829756648
924182242 77556424
887313775 176156849
871759902 431717311
700322515 97953357
761899695 425654065
404069120 523332271
816865629 593904306
694552920 569877584
575969021 964473183
99228263 311479005
893779823 401294640
379746681 743005684
893744464 485739992
827062774 910106259
87887051 930648543
43380567 966477755
252033705 551894132
387278166 204169170
738147731 868748368
375296286 460345664
437350483 785476945
72008943 817648930
939104261 74646156
174283813 833161285
747270641 316073024
100074370 768830208
822858280 706706164
538078935 94499800
693863746 306716909
952446370 588044958
509266541 786738464
631492193 68720692
355439840 301539847
566608638 323731055
279064862 824147720
824147193 479565276
835451262 898992285
427649634 596526335
782259420 790832581
892028114 346871527
247761925 367145126
113131687 353057621
284836714 72814374
680579040 782714475
18480906 202447348
149768970 819881523
265427043 82051426
799867820 310077241
418657401 399101093
137071822 881271792
637702051 305869552
991799012 353725133
173063958 837790079
87621868 921319824
647388093 535352899
203571 840131429
801834269 392897231
461007605 72430819
228211958 483410716
601205611 688064937
925987334 476312826
858392863 174359967
460170989 33391464
579237810 387088098
864353663 27340931
973475763 237829668
612738744 492651940
695861689 411074556
303399364 795324125
78103337 145799146
651713119 928627314
904082468 295012135
797597135 151211205
689802877 604442852
2937188 800500344

