3 30
99
0 1 1 2 0 0 0 2 1 0 0 0 2 1 0 1 1 1 2 1 2 0 2 1 0 1 2 3 1 0 1 0 2 2 1 0 2 2 1 0 2 0 0 1 1 1 0 1 6 2 2 0 0 0 1 1 1 2 1 1 2 0 0 0 1 0 1 2 1 1 0 2 1 1 0 2 1 0 1 2 1 2 0 1 0 0 2 0 1 1 3 1 0 4 3 0 0 0 1
93
0 0 0 0 0 0 0 0 0 0 0 0 0 2 0 1 1 1 1 1 1 2 1 1 1 2 1 1 1 1 1 2 1 1 2 2 3 3 3 3 3 2 2 2 0 2 2 2 2 2 2 2 2 2 1 2 1 1 1 1 1 1 1 1 2 1 1 1 1 1 1 1 1 1 1 1 1 1 1 1 0 1 0 0 0 0 0 0 0 0 2 0 0
95
0 0 0 0 0 0 0 0 0 0 0 0 0 0 0 0 0 0 0 0 0 0 0 0 0 0 0 0 0 0 0 0 0 0 0 1 1 1 1 1 1 1 1 2 2 4 4 5 6 35 5 4 4 3 3 3 3 3 2 1 1 1 1 0 0 0 0 0 0 0 0 0 0 0 0 0 0 0 0 0 0 0 0 0 0 0 0 0 0 0 0 0 0 0 0
95
3 2 0 0 2 0 1 0 0 0 0 0 0 0 2 0 0 1 2 0 0 1 1 4 0 0 1 0 0 1 0 0 0 0 0 2 0 1 0 1 2 0 0 3 1 1 1 38 0 1 0 0 1 1 1 1 0 0 1 1 0 0 0 0 1 1 0 1 0 1 0 0 1 1 0 0 0 0 0 1 2 1 1 0 0 1 0 2 1 0 2 0 0 1 0
95
0 0 0 0 0 0 0 0 0 0 0 0 0 0 0 0 0 0 0 0 0 0 0 0 0 1 1 1 1 1 1 1 1 1 1 1 1 1 1 1 1 1 1 1 1 1 1 2 2 2 2 3 3 3 34 3 2 2 2 2 2 2 1 1 1 1 1 1 1 1 1 1 0 0 0 0 0 0 0 0 0 0 0 0 0 0 0 0 0 0 0 0 0 0 0
97
1 3 3 1 2 0 5 0 3 0 0 0 6 1 0 0 0 0 0 0 0 0 0 0 1 0 1 0 1 0 0 0 3 2 5 7 3 4 5 0 3 1 3 1 0 3 0 0 2 0 0 0 0 1 0 0 0 0 3 0 0 0 0 0 5 3 1 1 5 0 4 0 0 0 0 0 0 0 0 0 0 0 0 0 2 0 0 3 0 1 0 0 0 0 1 0 0
97
0 0 0 0 0 0 0 0 0 0 0 0 0 0 0 0 0 0 0 0 0 0 0 0 0 0 0 0 0 0 0 0 0 0 0 0 0 0 0 0 0 0 0 0 0 0 0 0 0 0 0 0 0 0 0 0 0 0 0 0 0 0 0 0 0 0 0 0 0 0 0 0 0 0 0 0 0 0 0 0 0 0 0 1 2 2 2 2 2 3 5 6 9 11 12 15 28
97
0 0 0 0 5 0 0 0 0 0 0 0 0 1 0 0 0 0 0 1 0 1 0 0 1 1 0 0 0 0 0 13 0 0 1 0 17 0 0 0 0 0 0 0 0 0 0 0 0 0 0 0 0 0 0 0 0 0 0 0 9 0 0 0 0 7 0 0 0 0 0 2 0 0 0 0 0 0 0 0 0 0 1 1 0 0 0 0 0 0 0 0 0 0 33 0 0
92
0 0 0 0 0 0 0 0 0 0 0 0 0 0 0 0 0 0 0 0 0 0 0 0 0 0 0 1 1 1 1 1 1 1 1 1 1 1 1 1 1 1 2 2 2 2 3 34 3 3 3 3 2 2 2 2 2 2 1 1 1 1 1 1 1 1 0 0 0 0 0 0 0 0 0 0 0 0 0 0 0 0 0 0 0 0 0 0 0 0 0 0
100
0 0 0 0 0 0 0 0 0 0 0 0 0 0 0 0 0 0 0 0 0 0 0 0 0 0 0 0 0 0 0 0 0 0 0 0 0 0 0 0 0 0 0 0 0 0 0 0 0 0 0 0 0 0 0 0 0 0 0 0 0 0 0 0 0 0 0 0 0 0 0 0 0 0 1 1 1 1 1 1 1 1 1 1 1 2 2 2 2 2 3 3 3 3 3 3 3 4 4 50
98
0 0 0 0 0 0 0 0 0 0 0 0 0 0 0 0 0 0 0 0 0 0 0 0 0 0 0 0 0 0 0 0 0 0 0 0 0 0 0 0 0 0 0 0 0 0 0 1 1 2 4 4 11 13 23 16 10 8 1 0 0 0 0 0 0 0 0 0 0 0 0 0 0 0 0 0 0 0 0 0 0 0 0 0 0 0 0 0 0 0 0 0 0 0 0 0 0 0
95
0 0 0 0 0 0 0 0 0 0 0 0 0 0 0 0 0 0 0 0 0 0 0 0 0 0 0 0 0 0 0 0 0 0 0 0 0 0 0 0 0 0 0 0 0 0 0 0 0 0 0 0 0 0 0 0 0 0 0 0 0 0 1 1 1 1 1 1 1 1 1 1 1 2 2 2 2 2 2 2 3 3 3 3 3 3 4 4 4 5 6 6 6 6 8
100
2 0 2 0 0 1 5 0 2 1 0 0 1 0 0 3 4 1 1 0 0 3 0 3 0 0 0 0 0 0 0 4 5 0 0 0 1 0 3 0 1 0 0 0 0 0 0 0 0 0 1 1 1 0 4 4 0 0 2 1 0 2 0 7 0 0 0 0 1 2 0 0 2 0 0 0 0 0 0 0 4 2 7 0 0 0 0 0 1 0 5 0 0 0 0 0 0 0 2 0
93
0 0 0 0 0 0 0 0 0 3 1 2 1 0 0 1 0 0 1 0 1 0 0 3 1 0 0 0 0 0 2 0 0 0 0 1 0 44 0 1 0 1 0 0 1 1 3 1 1 1 1 0 0 0 1 0 0 0 2 0 1 1 0 3 3 2 0 1 0 1 0 0 0 2 0 0 0 0 0 0 3 1 0 0 1 0 0 1 1 0 0 0 0
91
0 0 0 0 0 0 0 0 0 0 0 0 0 0 0 0 0 0 0 0 0 0 0 0 0 0 0 0 0 0 0 0 0 0 0 0 0 0 0 0 0 2 0 0 0 0 0 0 0 0 0 0 0 0 0 0 0 0 0 0 0 0 0 0 0 0 0 0 0 0 0 0 0 0 0 0 0 0 0 0 1 1 0 2 2 4 6 11 11 16 38
93
1 0 0 0 0 2 0 1 0 0 0 0 0 0 6 0 7 0 0 0 7 1 5 7 2 0 0 0 3 0 0 0 0 0 4 0 1 3 0 0 4 0 2 0 0 0 0 5 0 2 0 0 0 1 0 0 0 4 0 2 0 0 4 0 2 1 5 0 1 0 0 0 3 1 0 1 1 0 0 0 0 0 0 0 0 0 0 0 1 0 1 0 1
97
0 0 0 0 0 0 0 0 0 0 0 0 0 0 0 0 0 0 0 0 0 0 0 0 0 0 0 0 0 0 0 0 0 0 0 0 2 0 0 0 0 0 0 0 0 0 0 1 0 2 2 0 5 6 9 40 14 3 3 3 0 0 0 0 0 0 0 0 0 0 0 0 0 0 0 0 0 0 0 0 0 0 0 0 0 0 0 0 2 0 0 0 0 0 0 0 0
94
0 6 2 1 0 8 0 0 0 0 0 0 7 0 3 4 0 0 4 0 0 5 0 2 0 1 2 0 2 0 3 0 0 0 0 2 0 1 2 1 0 0 0 2 3 2 0 0 0 2 3 1 0 0 0 3 1 1 0 0 4 3 0 0 0 0 4 0 0 0 0 0 0 0 1 0 0 0 0 0 0 0 0 0 3 0 2 4 3 0 0 0 0 0
92
0 0 0 0 0 0 0 1 0 0 0 0 0 0 0 0 0 0 0 0 0 1 0 0 0 0 0 0 1 1 1 1 1 1 1 1 1 0 1 0 1 2 2 2 2 2 3 3 32 3 3 3 2 2 2 2 2 2 2 1 1 1 0 1 1 1 1 1 1 1 1 0 0 0 0 0 0 1 0 0 0 0 0 0 0 0 0 0 0 0 0 0
100
0 0 0 0 0 0 0 0 0 0 0 0 0 0 0 0 0 0 0 0 0 0 0 0 0 0 0 0 2 0 0 1 0 0 0 0 0 0 0 0 0 2 0 0 0 0 0 0 1 0 0 0 0 0 0 0 0 0 0 1 1 1 1 1 1 1 1 1 0 1 1 1 1 1 1 0 1 1 1 1 1 1 1 2 2 2 2 2 0 2 2 2 0 3 3 3 3 4 4 36
99
0 0 0 0 0 0 0 0 0 0 0 0 0 0 0 0 0 0 0 0 0 0 2 0 0 0 0 0 0 0 0 0 0 0 0 0 2 2 2 2 2 2 3 0 4 4 5 5 8 0 5 4 3 3 3 3 2 0 1 2 2 6 2 2 1 1 1 2 1 1 1 0 0 2 0 0 0 0 0 0 0 0 0 0 0 0 0 0 0 0 0 0 3 0 0 0 0 0 0
100
3 0 2 1 1 0 1 1 1 0 0 2 0 2 0 0 0 0 1 2 0 0 1 0 0 0 0 0 1 0 0 0 0 0 1 0 2 0 1 0 0 0 0 0 0 0 3 3 2 1 2 0 0 3 0 0 0 0 2 0 0 0 0 0 0 2 0 0 0 0 0 2 0 0 0 1 0 2 1 0 2 43 1 0 0 0 0 2 0 0 2 2 0 0 0 0 1 0 0 0
96
0 0 0 0 0 0 1 2 0 0 0 0 0 0 0 0 0 0 0 0 0 0 0 0 0 0 0 11 0 0 0 0 0 0 0 0 10 0 0 0 0 0 0 0 0 0 2 0 0 0 0 0 0 23 0 0 0 0 0 1 2 0 0 0 0 1 0 0 0 0 0 0 0 0 0 0 0 0 0 0 22 0 0 0 0 0 0 0 0 4 0 0 0 9 4 0
91
0 0 0 0 0 0 0 0 2 0 0 0 0 0 0 0 0 0 0 0 0 0 0 0 0 0 0 0 0 0 0 0 0 0 0 0 0 8 0 0 0 0 0 0 0 0 0 0 0 0 0 0 0 0 0 0 0 0 0 0 0 0 0 0 0 0 0 0 0 0 0 0 0 0 6 0 0 0 0 0 1 1 1 1 2 0 0 0 14 17 45
99
1 1 0 1 1 3 1 2 4 1 0 1 2 2 0 1 0 0 2 1 1 1 0 0 2 2 1 1 1 2 3 0 0 0 2 1 2 3 3 0 2 2 0 0 0 0 2 2 0 1 1 1 0 0 0 1 0 3 0 1 0 1 0 1 0 1 0 2 0 1 0 0 1 0 0 1 1 2 1 1 0 1 1 1 0 2 0 3 1 4 0 0 1 1 1 0 0 3 1
91
0 0 0 0 0 0 0 0 0 0 0 0 0 0 2 2 23 0 0 1 0 1 0 0 0 0 0 0 0 0 0 0 0 0 0 4 0 0 0 0 0 0 0 0 0 0 0 0 0 0 0 0 22 0 2 0 0 0 1 0 0 0 8 0 0 2 0 1 25 0 0 0 0 0 0 0 0 0 0 0 0 0 0 0 0 0 0 0 0 0 0
93
0 1 0 0 0 3 0 0 3 0 17 0 0 0 0 0 12 0 0 0 1 1 0 3 1 0 0 0 0 0 0 0 0 0 0 0 0 0 0 0 0 0 0 0 0 0 0 0 0 0 0 1 38 0 0 0 12 1 0 0 0 0 2 0 0 0 0 0 0 0 0 0 0 0 0 0 0 0 2 0 0 0 0 0 0 0 0 0 0 0 0 0 0
93
0 0 0 0 0 0 0 0 0 0 0 0 0 0 0 0 0 0 0 0 0 0 0 0 0 0 0 0 0 0 0 0 0 0 0 0 0 0 0 0 0 0 0 0 0 0 0 0 0 0 0 0 0 0 1 1 1 1 1 1 1 1 1 1 1 1 1 1 1 1 1 1 1 1 1 1 1 2 2 2 2 2 2 2 2 2 2 2 2 3 3 4 43
98
0 0 0 0 0 0 0 0 0 0 2 0 2 0 0 1 1 1 1 1 1 2 1 1 1 1 1 2 1 1 2 2 2 0 2 2 2 2 2 1 2 2 2 3 3 3 3 2 2 2 2 2 1 0 2 1 1 1 1 1 1 1 1 1 1 2 1 1 1 1 1 1 1 1 1 1 1 0 0 0 0 0 0 0 0 0 0 0 0 0 0 0 0 0 0 0 0 0
100
0 0 0 0 0 0 0 0 0 0 0 0 0 0 0 0 0 0 0 0 0 0 0 0 0 0 0 0 0 0 0 0 0 0 0 0 0 0 0 1 1 1 1 1 1 1 1 2 2 2 2 2 2 2 3 4 40 3 3 3 3 2 1 1 1 1 1 1 1 1 1 1 1 0 0 0 0 0 0 0 0 0 0 0 0 0 0 0 0 0 0 0 0 0 0 0 0 0 0 0
