1000
159009487 538372012
376971064 865905236
179776025 103155161
50365903 71147032
597201810 266606304
535545883 422680915
733905988 269324217
706369380 523496993
432042087 331107532
580585777 296401593
670787774 930936018
279797443 7304200
830603446 799483504
396806680 520052845
638473137 482530584
350058925 210550185
718756378 988588100
944621072 497700050
282156727 941873901
961051846 238832724
612122416 179451281
63205743 867664793
137096432 24359509
761932827 805187723
984041264 37818862
355409094 604780421
506515055 360746360
421120423 893810005
545231078 780017869
249700960 637185131
126118036 308193768
598270465 453858003
33121288 561333487
276312135 897819685
385030192 854975434
525910699 739762831
583119538 135140968
859786077 872356780
331303662 746364935
36913849 765684835
953676369 168902097
709482126 149178292
213980461 712896927
157232345 341228136
701881297 46591549
925732014 725008623
617235380 931416052
765001609 578800462
507562358 314064460
32232238 220906345
350099800 659591532
972610525 450664987
554968502 519978739
805767158 236968586
659493269 781293047
214174378 170221314
143203715 879651025
212003816 19989457
164342433 224987272
897192976 24505611
189751014 666127513
327482101 973778608
361729585 808058199
151948198 506764349
74703111 560303973
329234885 314110299
455254472 582695935
335892216 164591338
119653670 242704397
385811343 72973951
183998075 131107574
338364709 145272711
628574148 602318617
100769490 42150333
685988877 5859745
843234307 370822731
658133333 496379578
232914482 141640538
906369055 710586996
908873386 143982774
725419173 895638087
778713074 64836108
420430681 522628625
897312163 279801428
772628493 883863398
290075979 191387506
854811889 169326222
290816446 79073288
585562269 761674614
471806357 305822182
141159253 35327768
879575459 786637076
341431367 685267082
937475722 657608155
418119877 796955319
901490934 228839802
162346549 795689905
817640013 993665831
958482283 905570612
936838351 364999890
275806727 10837726
339276166 49900053
417811991 90470663
283268599 74308451
808558363 861458961
696435365 941840374
994415866 801272975
773501992 734274143
834724055 279170384
94502017 216667955
513998186 448186705
817691836 877067679
778036930 703875925
870848762 585977909
716327091 243951853
290294020 941681896
301615446 621470555
590643079 67178978
503916566 236853344
913638701 798407586
514108587 857588453
935342400 647221639
125314157 310799536
131337241 792933643
725202983 677357996
361630391 981737820
369114894 323600416
123692413 234450135
147794066 915905605
12379570 469413103
459590954 481585047
899291786 772536017
948492204 733678760
862087585 472842174
444306975 832278549
344849859 254573913
658995929 974758938
582202487 550232197
16971304 705314874
388981105 311324308
583640218 802238701
862097073 926703666
493639662 795145659
817608745 152451240
361687792 819227349
107471443 98941842
146284279 38115217
475406326 204335495
351255882 469313267
348245366 556647596
806745826 647021154
414170299 734906207
853404840 282987809
213437530 657427394
575496095 725377100
541386968 489642517
888962657 740042002
346455896 776810550
929918363 985918491
453161593 18106872
654037737 132045221
193146097 877537221
351455210 652545762
767501714 318089228
259885452 912868383
226481076 690160976
215914758 572487057
777137051 55391272
675593912 553457343
90230200 375102183
525562367 828017726
804255189 788528177
822410019 752139295
358515593 659647151
938809003 937088341
101726541 147660078
494450914 702125826
37135576 473566366
863311737 790331836
484315432 802476888
747224447 78948409
550350520 926235592
941743210 833747203
41469031 36893257
954051777 439303818
579785530 545594041
906963062 926661324
122221303 52005645
489783400 962676784
160173469 401344479
379499616 100282524
406317977 730946603
771559493 172202325
513946872 384687388
695661086 223525998
485451738 711890472
485269027 762578121
932836031 94212524
161051129 296868640
865276146 178391391
638404879 69184077
702766353 768320711
146164183 945275840
215050660 621846665
613427600 302638195
813815475 858728280
390431941 996523603
407230635 929625768
437012817 267232760
705475269 866993998
483705824 519558198
85584172 49550646
335082188 882510291
22664752 916122270
935787366 589814951
318080173 108557603
214401669 920177468
382866085 413713616
160735564 398860300
755310963 990048488
736360676 982054683
15085468 18014017
698012798 893444135
785829663 105954728
645339719 349399354
49661425 822952866
910230205 136216300
463221113 890619456
611985546 765650490
274600552 548498860
631625869 533460745
888224181 543247727
862999686 542407965
458272796 689300701
750054660 631272654
497857120 822221608
697930875 638800271
893089057 314362621
917732113 404197953
837954726 653812665
985205271 812512582
265729567 164903527
387058682 913832263
86236203 898568359
38932372 78074665
86994107 481283773
84035291 601527285
897053705 824523188
26795568 90426462
34576055 374411239
865740555 25940019
537747412 26662775
39588563 504780196
438553071 172471698
320532458 54840151
437159347 691079188
757795905 769020588
56247062 960988116
946224242 831236842
597439836 220183374
743487457 809966143
708871183 11919746
95319744 615290092
516455243 963938717
974645167 739977326
999610350 952316621
16859401 804292496
86671820 418453254
875715984 679656077
771736512 955571231
736129921 184191205
950652649 613737506
621504423 261046055
32507976 373558152
15423401 867788590
195895019 160089324
768906226 698764160
713840098 741600998
233195460 720712114
715697546 156565307
294248772 203428664
129345146 223339942
812776529 925579393
75083517 824078988
590705926 396859837
789434520 104658492
336543377 401811425
384273991 299303776
73636216 405375732
736146824 420455855
133510262 746005640
737912128 928463449
392525086 594408049
910277698 77302500
363615221 529837733
791325408 411568514
515996658 806507402
428281061 334260998
436636424 86177473
257608310 135428155
576902109 827066472
161944170 955838677
618383333 210466904
41097014 197896359
923884353 342138666
600172908 791927163
53619615 638427319
322861722 802402
95152521 225047435
734038413 939768446
548001474 111341107
853437086 385810990
256896126 805281553
151458621 121242394
238801551 27685664
776685579 185065665
520441188 424418055
994342801 720820566
671377597 515812998
885359878 461092792
425402778 117015142
923121482 285097051
187274880 296670419
366556033 30653284
675417001 168915189
128406635 865528987
394447541 950056460
744200838 835660400
758088109 405191805
367693766 470910505
794622939 463477105
118414444 861451408
319658028 698323378
712883150 436997581
319762248 875916182
394885302 730894365
346672528 406948580
297752142 933303784
642894871 103056606
725820137 484328308
716979829 125145588
975180851 855771682
943207506 882686059
318943994 391815135
956045818 466584571
514643921 185562031
782720901 332453350
370119298 229479320
786782107 724609317
325332016 661138049
521385525 879957347
224289990 763818402
522114368 425603127
330575763 257013513
737170590 685775063
341695360 157148059
662424480 441892084
319268825 279541342
669021799 873640467
631480762 699956222
126589550 560304713
602742084 956932019
376987192 366654828
405240117 700122163
210252225 347167709
834789174 456959355
213841125 496460970
264951437 362225922
316110736 17217684
500716171 251543268
956200104 352684913
366115288 631733876
448389971 454139985
348637948 764057240
724879005 719196079
235510652 765093023
183277368 341045457
949047996 593930648
493768107 960529821
66766377 777028752
535554014 843255750
202836217 976207200
788574339 557703071
391570103 317168373
561891161 902522720
452682684 273638584
238450945 254371511
76675458 159377274
60351511 884004119
199627041 96775987
827010285 382568378
895235743 952831086
222310337 907566548
277076910 673235686
367916945 687172289
489521150 377408435
862489750 268009613
24389231 559877328
89295735 946740252
477155751 219329590
961772501 843137724
384391443 286697232
902726908 680873952
961720915 381308491
98080521 723877330
758494538 11245059
303170762 952509365
871570198 159313322
141385834 261179190
720143989 614099836
224678898 504420033
949770265 444461267
313057451 652122613
974967878 793010467
649187312 663872911
807800427 527041928
483327092 142668118
156541310 430943788
776120404 348758288
371829832 732616494
258554542 684509485
752461232 176324622
517409568 688058976
39777217 926080218
649970629 764522864
604262347 424129441
406740090 497714378
951528029 585430720
786781371 112123659
230824495 89584872
902239456 204346217
342667226 590843556
378384855 877199277
202258435 229085353
171023517 95020945
70243009 268723288
22100045 404563612
145671452 63429641
807680047 90588022
317610499 712495228
982738428 907577059
992329292 239623397
88798092 744530825
813958857 353849353
443317134 95342775
849467182 236379084
912925951 822613423
641223004 958177636
521999141 719158051
470778624 802269809
996046864 458071873
716447742 815989182
590278499 370820587
177772184 634923760
104744327 680025440
865910951 823907546
65669524 91624984
422088007 204011623
636448146 529279313
958038165 894477908
442057516 491209427
757322165 353920413
712061968 280614892
404987715 978760692
426889590 495174925
883407315 788470021
603589748 706886388
235217969 789438107
917005366 47761717
511689165 337836014
328203302 254418403
304826143 701642438
811858436 123647946
945052614 622875237
763197762 518553989
922218531 295178032
910880661 256780044
712146390 538724911
836211606 176598592
941320935 910529393
798023574 547882423
567074489 752285920
307793680 955298500
698232595 291135376
124281658 966167695
523916743 246459848
879041585 866862924
64948357 956087494
441177506 146335895
527536808 561318552
747240813 600391907
571460583 572380410
66391663 751824293
431383624 69972491
150388402 49840181
175993402 173723685
417038648 892222688
702839965 322019960
372938674 764159546
152566337 93855753
674854499 721519626
833734405 99229575
542075943 619777528
384370084 932809986
905456769 352261960
432908010 380690278
647239519 155311250
941286776 341380074
702572314 347821167
218636764 404068596
521768758 501637315
163383071 907693736
969664463 381162672
24971331 111580101
203345777 868919562
114677448 103907992
135230587 129470236
252907288 389410218
214223693 694047807
646345905 821637073
276450030 667123857
713001281 555125883
940482621 161931956
816466554 179107081
240049960 335733137
977155100 177879659
742858810 212486736
85048873 116922823
50037810 132404893
14733817 995372854
925565473 748107564
698422920 769193274
848444094 322892609
929266313 43401781
463644765 392196980
413975598 944499326
706455213 625170076
673890407 854849372
824369594 242996380
383140731 298193671
395809685 851232182
97064848 454065767
414517807 743969415
483081659 736656376
281245888 4511157
172273643 635425464
25301270 107754196
734483007 519168636
665222915 428846013
405352743 878758694
389606420 12568151
261965023 131886687
7553362 389135208
888524560 108843517
581091664 705692741
812320029 12114034
313716492 123480438
708762936 202757767
388115476 76008338
267815746 276849678
987803908 233873921
468601409 671775965
202094026 107255409
135681712 210881728
26215279 963457881
597102598 343790372
84968995 950720226
360623472 255022883
28749931 314054505
85044679 787760878
587104555 306096462
191667322 641817134
628338756 171487971
996232794 708324394
711890122 56092683
73318778 44133415
362824461 457755154
623701562 673008361
221380504 935450256
999570582 880801547
67084361 809924568
466617325 696481710
95646960 306746058
744952370 895552058
87958229 489477809
89483073 973903218
47180183 374980778
172955130 281328880
677099739 58726186
815287149 36439796
303665101 938038178
106786709 517821004
627680825 988112116
734477808 996201775
7201728 586549566
324526450 108157035
103333633 14272250
413799797 958016134
198676898 487000897
573049099 502366325
233564676 282759935
244795414 403221100
439260727 44058784
773882713 551686847
618906842 634918102
888650288 97941067
415990566 972757301
465807255 475171443
867626622 203768044
359548420 386245249
121727458 925742021
165200796 334276650
448182524 405897265
26344815 93898042
202805025 762096777
1410921 457830118
904770043 503246267
301826691 275986518
919343657 557104236
66296514 466790666
727736003 515238690
296300563 935468105
366232386 138556598
254249235 930560047
682975931 709382066
85407915 402271876
58346231 111826439
276581737 608546410
490641725 103631783
825186576 654128217
256985897 623270514
496392867 858723826
635748333 653290905
381410665 936576935
75989519 86135654
125587041 598894281
718424017 306622342
894067061 872972665
779027223 516622085
371343040 621021068
890271998 740478526
289433478 289552641
638428360 394229855
92682118 369389422
58269967 502814258
883625899 754028925
687534321 312519260
215415557 483030729
338067784 733794213
156610117 807315688
846973187 451250610
511661038 586201390
580076655 976485665
478346990 975201325
777194277 967051153
449396175 822880696
327363105 472805259
45667514 994739990
829926858 223554247
970588596 88669662
165029781 888343882
609778205 302864934
90996920 975540588
8508515 852251164
685593633 135291989
136576611 729729519
789036228 622452759
130744370 490277489
539518439 820451753
737413374 791916504
443808860 978432127
701614178 232124455
804303236 266332874
977667045 96377574
958979107 648806934
573176857 968867497
852901504 866468831
638298115 111902450
147014496 169116578
846908725 373906419
47943494 50464112
946790396 197520530
114871964 376821588
234201334 245447227
113004318 397371224
942905414 347136080
531625611 221172091
111436894 377270538
69397793 942796595
13666088 904878085
97265313 182045192
901789762 663259098
283474484 594609907
189698299 685929098
558831507 455990952
857922531 456221091
783953022 239823415
936420285 344604752
183606355 378973931
968532036 344520858
302580821 992054023
482211146 771143181
711202456 357192612
256201653 138317514
153340752 712600731
724748253 142726212
130776520 958835392
715779146 550626328
792317801 526072816
946722813 449738855
735066469 633167966
612896091 285155575
228133977 394741767
143538699 450912664
583908471 930442702
501559380 858759435
386069699 128820110
36866298 805287445
418268737 753872307
790890387 693457430
529300202 628143826
866102813 366747833
532929398 316683808
174044237 804018132
290381641 216549199
706573946 56995597
820951689 633029972
558666926 412623675
423634305 499382136
681552177 626315903
853094956 715436608
193775956 664753765
914945188 686333486
719523500 650266056
312559026 973109925
287380058 917377985
268772732 49952709
522320014 585936391
275709802 610492489
22777005 373556275
731069465 440893307
915678786 961092785
522096809 29827366
6797650 804415955
847012667 792098877
724797024 923263433
917626843 147892491
802840670 293525405
52200627 924205172
363014808 715998939
459505536 47992037
86644825 224649781
164394565 590708235
522071432 453075589
793618594 417872163
40864918 307501227
482893902 712919784
76465677 878158049
934780359 586550173
848218886 675532709
357288960 86322375
849793060 766016562
904648864 823506511
116987871 797515806
796115484 549541810
537211385 539744826
725784288 79436962
22688451 687098999
623854161 18272812
501312948 493775771
732321568 180154523
434612775 729719482
502114656 666860419
876078047 824056118
823788128 876023562
463915240 262270429
56112967 787681286
547929544 314878989
900114765 274550011
693292603 354694580
416643106 411461494
950156462 21806410
831811559 386529752
410750311 354539344
214933334 605263145
776123049 860262248
213951354 685901553
825951486 517195651
325321423 502349601
406575287 551025653
917468351 890566145
347870350 61327730
366042384 574626014
892647418 423677044
944912054 20553177
594645269 101481422
951389726 652117403
895968532 251369291
450799017 913603776
269622790 422805266
534935423 100046019
98485588 950150811
356302646 135837200
194346658 408615358
372167123 684735205
772729974 333916600
557472253 335819987
802324496 146002125
348388292 88689337
963645303 403757961
301012480 13792588
209609104 743220791
351613737 543929861
66087836 26494711
665457318 636984085
485351959 606757041
872327700 723247899
398250950 801964345
696777670 991152817
77949092 391805672
624348378 701664285
189296135 320037269
160734129 498812127
625635061 383698288
716630738 869033375
226893407 43173354
681538219 510272174
39404064 364014012
706305402 675662443
39784985 387121095
593618055 959790642
649450654 63044749
210236453 226457962
723254921 140385292
307745682 556507187
189170097 583657295
897909557 941164206
136605071 520695353
872101485 743332544
479102190 6605659
581301355 590578725
299115123 348897522
365203259 926453470
796112907 930882171
323300138 330619467
996455767 925763309
111578944 983146857
906732169 987644476
509229481 779040758
697080674 646478754
789132177 279305537
560610596 331963517
754911235 811760336
522938934 16780612
798645768 541991803
385390381 902747911
166232308 942560078
796217462 901756355
935586483 413550445
845726356 316529065
580897818 643632536
566658725 308586461
725894537 130987814
307214036 540531089
335559857 172136966
269901589 869355328
246559870 501374378
14291960 584861594
658417969 319906524
84203925 755403214
829014130 522919574
389917172 967221658
969225189 68678287
983855296 228136329
438043905 659689089
644829424 705723893
814889826 812088706
602370031 236075609
340435913 795776009
372983786 687074863
556853250 292288408
446491035 920356694
132391826 941618133
557062664 860572579
78235584 721289257
876934470 327872304
505971332 564714051
545968870 919752329
49999384 903817106
910782969 465422396
287055362 464791330
171657009 402679350
566270066 560695075
520477361 568913810
680897665 877100934
516097862 826931319
704152072 995463483
627573794 203517927
160595979 226278957
1794894 268315844
364959304 95779755
942898538 272819989
138286532 95350890
169192151 69973933
391325141 318807318
660991736 674678492
393866217 604685411
708840040 207679200
849936886 233343202
721590966 599299345
770405412 159552173
582006108 975612704
569427310 431341117
101516268 753507985
765198544 288914663
836877480 179826784
848052739 535972567
94202307 549056399
419441017 747402675
896432366 435672194
323115717 147099586
130510396 427005988
703877630 506051770
128621258 422654540
737246946 879970875
429777043 359624775
492837322 80185259
269739031 19456473
954148823 859046442
550247424 664445778
337492462 86697549
823387585 570981326
324885393 897638074
686079463 674666770
894526844 52900016
817533001 486955443
455554264 981043798
40947938 866419337
401738976 654621252
491904422 116730694
204158968 430399750
491809154 88938994
218289789 932766633
637219708 313098456
741693531 979859900
792899661 117185734
949677807 746588180
597471680 682182135
369770580 991516843
799468319 995113596
142484459 296045229
304251272 287092644
396042561 872772496
158914694 463295286
554034580 805264167
593306578 44318614
305651 387840025
166806634 52667150
729609701 886893472
742899665 829208888
890518093 868047064
174166013 966455145
425118516 114435251
412627349 759803709
831078310 881419238
142409794 134825172
409402640 690654890
737994041 693174956
341571077 424119984
239011974 542276669
325516143 362406878
958515446 537262007
92705868 507101338
650168373 824489592
840640840 129460398
683632332 76415190
822920899 919357563
88684238 374030415
461726055 734229359
923336801 179425313
582758008 474446595
603269573 764339697
646469005 612071025
866599424 488837133
250717759 382267520
973563074 434473699
817708380 361289042
375090154 749689614
976793666 751961296
202048135 936668057
46553164 68382593
37920427 526134184
539582477 705364373
703840435 712233607
828384530 942732670
786581083 142203702
966441319 88659172
562204206 947681554
43865117 350910795
811350508 12506464
