1000
45 40 28 5 20 24 35 30 1 11 5 5 836 1 7 11 272 16 19 51 1 16 873 120 51 1 16 263 2 4 216 62 39 4 7 163 55 594 307 584 1 4 3 13 4 76 1 3 8 3 1 2 17 64 1 3 1 8 100 24 29 772 413 84 206 4 8 270 146 693 430 5 6 299 10 33 131 1 59 9 227 1 13 7 1 7 23 10 4 94 18 7 2 333 6 26 1 3 645 4 6 3 1 3 1 342 105 1000 106 8 508 7 1 1 8 122 15 71 292 5 7 2 7 91 53 1 24 1 1 306 1 5 6 42 5 34 203 1 12 26 6 13 354 235 1 25 56 4 138 11 1 1 5 88 868 6 32 74 118 94 46 4 1 37 821 12 74 4 19 1 2 136 1 14 69 818 19 8 538 1 4 3 413 9 17 22 864 15 63 20 468 5 1 21 59 359 39 39 565 69 34 48 2 11 460 2 80 678 500 1 103 2 30 3 129 1 4 20 8 283 4 8 7 48 711 36 8 31 9 106 10 97 22 1 129 35 3 1 412 704 4 2 1 1 165 238 2 5 3 197 9 2 46 1 1 1 922 48 3 18 1 1 302 1 3 2 40 121 29 98 2 634 1 138 4 48 2 6 1 165 2 143 66 65 12 28 310 141 103 100 13 9 202 8 25 15 273 1 48 117 4 1 4 546 15 1 19 156 149 4 8 10 1 11 24 4 39 1 107 2 16 129 79 42 69 15 747 4 244 1 360 6 46 1 4 46 6 42 351 22 150 2 24 1 4 2 1 4 59 1 5 925 128 354 18 4 186 2 20 47 1 1 1 170 37 9 226 101 20 284 304 41 470 33 6 2 23 40 851 7 65 1 207 749 5 57 48 183 486 119 879 91 99 46 2 54 1 1 445 627 65 2 418 10 28 13 1 377 5 12 16 1 5 7 1 38 2 4 1 1 4 4 2 37 934 722 36 201 16 25 7 6 4 19 15 865 77 185 2 43 7 30 6 142 476 108 118 17 161 5 30 8 29 5 15 2 69 1 1 88 3 65 2 662 71 312 87 4 167 302 9 735 116 46 940 1 1 1 23 5 5 25 2 2 6 4 43 27 945 115 185 28 235 439 291 10 148 11 22 44 2 245 130 30 24 3 157 5 331 8 77 85 2 32 1 122 1 44 266 17 1 17 1 913 9 1 75 28 1 155 7 319 1 307 2 2 119 150 1 28 114 1 9 27 491 1 3 10 2 12 1 10 2 14 963 1 4 5 2 495 230 2 12 1 5 3 2 3 315 53 1 53 18 86 2 3 6 9 2 10 1 2 103 2 1 52 6 160 93 4 692 250 438 13 5 893 548 6 221 40 13 18 22 198 8 8 970 17 2 536 652 1 37 48 37 2 77 4 8 154 43 5 4 809 570 78 1 2 1 1 727 1 2 111 7 52 1 1 6 77 1 39 144 10 759 48 35 39 8 312 2 506 28 20 16 221 352 19 637 10 1 5 10 943 4 698 270 15 3 231 147 15 215 119 31 6 44 6 8 755 176 118 90 3 81 143 3 1 2 110 420 67 4 158 1 1 2 98 26 10 33 5 2 3 2 36 7 114 18 20 1 8 105 145 4 1 27 440 2 306 36 1 22 489 1 2 7 204 16 107 81 230 5 47 131 83 9 11 28 82 92 23 29 102 1 2 15 1 36 2 163 3 100 4 21 6 4 22 320 6 48 3 9 17 305 6 19 303 65 56 277 9 222 57 45 3 238 29 2 523 5 73 1 26 1 14 909 3 137 1 1 123 854 7 15 716 52 4 1 57 4 32 1 96 11 556 201 9 370 1 9 1 336 12 2 48 12 206 1 1 767 4 5 2 4 2 1 972 5 9 115 25 14 3 87 37 42 3 858 134 1 95 292 647 135 12 875 895 2 9 11 102 343 9 3 3 5 25 1 1 778 2 5 2 4 13 12 11 34 673 5 181 2 100 1 37 31 589 7 14 9 718 38 42 34 1 46 52 44 9 1 2 8 54 2 178 2 21 564 3 761 3 29 420 1 11 4 3 484 6 427 13 267 2 3 667 148 1 358 2 27 37 6 927 8 168 6 4 15 50 310 1 406 1 1 144 152 59 26 1 259 317 172 297 258 102 95 650 5 338 11 327 68 260 1 40 21 1 24 15 4 105 10 188 4 12 4 374 482 36 436 31 483 11 20 81 3 1 163 75 1 18 792 6 10 1 73 16 2 6 2 126 2 18 2 55 952 2 1 1 

1 2
2 3
1 4
4 5
3 6
4 7
4 8
6 9
8 10
9 11
11 12
9 13
13 14
10 15
12 16
15 17
13 18
16 19
17 20
16 21
18 22
22 23
22 24
22 25
25 26
23 27
23 28
25 29
27 30
27 31
27 32
31 33
29 34
33 35
35 36
35 37
33 38
35 39
36 40
39 41
40 42
38 43
42 44
40 45
45 46
45 47
45 48
48 49
45 50
46 51
47 52
50 53
51 54
50 55
54 56
56 57
57 58
57 59
55 60
60 61
58 62
61 63
59 64
63 65
61 66
64 67
64 68
66 69
68 70
67 71
70 72
72 73
73 74
74 75
71 76
75 77
73 78
76 79
77 80
80 81
79 82
79 83
83 84
80 85
83 86
84 87
85 88
85 89
89 90
90 91
91 92
91 93
89 94
92 95
91 96
94 97
93 98
94 99
99 100
98 101
99 102
101 103
101 104
101 105
102 106
104 107
105 108
108 109
109 110
110 111
110 112
108 113
111 114
112 115
112 116
115 117
115 118
115 119
118 120
116 121
119 122
118 123
121 124
120 125
121 126
126 127
124 128
128 129
125 130
130 131
127 132
130 133
132 134
134 135
131 136
133 137
133 138
137 139
138 140
137 141
137 142
140 143
140 144
142 145
142 146
142 147
143 148
146 149
149 150
149 151
148 152
148 153
149 154
153 155
155 156
155 157
153 158
154 159
159 160
160 161
157 162
161 163
161 164
162 165
162 166
164 167
163 168
167 169
169 170
166 171
171 172
172 173
170 174
174 175
173 176
173 177
177 178
176 179
176 180
179 181
177 182
182 183
181 184
181 185
181 186
183 187
186 188
186 189
188 190
190 191
190 192
192 193
193 194
191 195
194 196
196 197
194 198
195 199
199 200
196 201
197 202
198 203
199 204
200 205
202 206
203 207
204 208
204 209
206 210
206 211
209 212
212 213
210 214
211 215
213 216
212 217
214 218
218 219
215 220
217 221
221 222
219 223
219 224
222 225
223 226
224 227
227 228
224 229
229 230
229 231
229 232
230 233
231 234
232 235
234 236
233 237
237 238
235 239
237 240
236 241
239 242
241 243
243 244
241 245
242 246
243 247
243 248
248 249
249 250
250 251
250 252
251 253
251 254
254 255
253 256
256 257
256 258
256 259
256 260
259 261
257 262
259 263
261 264
260 265
261 266
266 267
267 268
266 269
265 270
267 271
271 272
269 273
272 274
270 275
271 276
273 277
276 278
275 279
275 280
280 281
281 282
279 283
279 284
280 285
283 286
282 287
284 288
286 289
287 290
287 291
291 292
290 293
293 294
290 295
292 296
296 297
294 298
294 299
295 300
300 301
301 302
298 303
300 304
301 305
304 306
302 307
306 308
306 309
306 310
308 311
311 312
310 313
312 314
314 315
313 316
314 317
313 318
315 319
316 320
316 321
320 322
318 323
320 324
320 325
322 326
323 327
325 328
325 329
328 330
327 331
328 332
330 333
332 334
334 335
334 336
333 337
337 338
335 339
335 340
340 341
339 342
339 343
339 344
344 345
344 346
346 347
344 348
346 349
349 350
346 351
347 352
352 353
351 354
350 355
352 356
353 357
356 358
356 359
358 360
358 361
357 362
359 363
363 364
360 365
363 366
362 367
365 368
368 369
365 370
367 371
369 372
368 373
371 374
374 375
372 376
373 377
374 378
378 379
377 380
376 381
381 382
381 383
381 384
384 385
381 386
383 387
384 388
384 389
387 390
387 391
388 392
388 393
390 394
393 395
393 396
395 397
393 398
395 399
395 400
398 401
400 402
402 403
402 404
403 405
402 406
406 407
406 408
407 409
408 410
406 411
407 412
408 413
410 414
413 415
413 416
416 417
416 418
416 419
418 420
418 421
418 422
418 423
420 424
424 425
424 426
425 427
425 428
425 429
429 430
430 431
430 432
428 433
431 434
432 435
431 436
435 437
436 438
437 439
436 440
439 441
439 442
440 443
440 444
444 445
443 446
445 447
447 448
448 449
448 450
449 451
447 452
449 453
450 454
453 455
455 456
456 457
456 458
455 459
457 460
458 461
458 462
459 463
463 464
463 465
465 466
464 467
465 468
468 469
469 470
470 471
468 472
470 473
469 474
472 475
472 476
472 477
476 478
474 479
477 480
477 481
479 482
481 483
480 484
483 485
483 486
486 487
483 488
487 489
487 490
488 491
489 492
492 493
493 494
491 495
494 496
493 497
495 498
495 499
495 500
500 501
498 502
501 503
503 504
500 505
505 506
506 507
507 508
507 509
506 510
506 511
508 512
509 513
509 514
514 515
514 516
516 517
514 518
514 519
516 520
517 521
517 522
521 523
522 524
524 525
524 526
523 527
526 528
527 529
528 530
530 531
528 532
528 533
531 534
533 535
533 536
536 537
536 538
538 539
539 540
538 541
537 542
542 543
543 544
540 545
541 546
542 547
547 548
545 549
548 550
548 551
547 552
551 553
549 554
550 555
554 556
553 557
554 558
556 559
555 560
559 561
557 562
558 563
563 564
562 565
565 566
566 567
563 568
567 569
569 570
567 571
567 572
572 573
569 574
572 575
573 576
576 577
573 578
577 579
575 580
579 581
581 582
580 583
582 584
580 585
581 586
586 587
587 588
586 589
585 590
590 591
590 592
588 593
589 594
594 595
593 596
594 597
595 598
595 599
598 600
599 601
601 602
602 603
601 604
602 605
602 606
606 607
603 608
608 609
606 610
606 611
610 612
609 613
610 614
612 615
615 616
615 617
613 618
615 619
618 620
619 621
621 622
620 623
622 624
623 625
622 626
623 627
627 628
627 629
626 630
626 631
630 632
632 633
632 634
634 635
634 636
633 637
635 638
638 639
637 640
636 641
640 642
640 643
641 644
644 645
644 646
642 647
647 648
648 649
645 650
650 651
649 652
649 653
651 654
651 655
651 656
655 657
655 658
655 659
658 660
658 661
660 662
659 663
659 664
664 665
664 666
662 667
665 668
668 669
666 670
667 671
670 672
671 673
670 674
672 675
675 676
675 677
674 678
676 679
678 680
676 681
679 682
682 683
682 684
680 685
683 686
683 687
686 688
688 689
686 690
690 691
689 692
688 693
693 694
693 695
695 696
695 697
693 698
698 699
698 700
699 701
700 702
701 703
700 704
704 705
704 706
706 707
707 708
706 709
708 710
710 711
708 712
708 713
712 714
714 715
711 716
714 717
714 718
715 719
718 720
719 721
717 722
722 723
723 724
720 725
721 726
723 727
727 728
727 729
729 730
728 731
730 732
732 733
733 734
732 735
734 736
732 737
734 738
737 739
739 740
736 741
739 742
742 743
741 744
742 745
742 746
746 747
745 748
748 749
749 750
749 751
748 752
749 753
750 754
751 755
755 756
756 757
755 758
755 759
755 760
760 761
759 762
761 763
763 764
764 765
763 766
763 767
766 768
764 769
768 770
770 771
768 772
770 773
772 774
771 775
774 776
774 777
773 778
775 779
777 780
777 781
780 782
781 783
781 784
782 785
783 786
786 787
784 788
784 789
789 790
786 791
790 792
791 793
790 794
792 795
792 796
796 797
796 798
795 799
797 800
798 801
798 802
799 803
800 804
802 805
805 806
802 807
807 808
806 809
808 810
809 811
811 812
810 813
812 814
814 815
814 816
816 817
816 818
815 819
818 820
819 821
819 822
818 823
821 824
824 825
822 826
823 827
826 828
827 829
828 830
826 831
829 832
829 833
830 834
831 835
832 836
836 837
836 838
835 839
837 840
836 841
837 842
842 843
839 844
843 845
845 846
843 847
845 848
847 849
845 850
850 851
848 852
848 853
849 854
854 855
852 856
852 857
854 858
857 859
856 860
857 861
861 862
862 863
860 864
861 865
864 866
863 867
866 868
866 869
865 870
869 871
868 872
869 873
870 874
870 875
871 876
875 877
875 878
877 879
879 880
876 881
881 882
880 883
881 884
881 885
883 886
886 887
885 888
886 889
886 890
887 891
887 892
888 893
890 894
890 895
891 896
895 897
894 898
896 899
896 900
897 901
899 902
898 903
900 904
902 905
904 906
904 907
906 908
905 909
909 910
906 911
910 912
909 913
909 914
912 915
914 916
916 917
914 918
914 919
916 920
919 921
917 922
918 923
919 924
921 925
924 926
923 927
925 928
927 929
925 930
928 931
930 932
930 933
932 934
934 935
932 936
936 937
937 938
934 939
935 940
937 941
940 942
938 943
939 944
944 945
942 946
942 947
946 948
947 949
946 950
948 951
951 952
949 953
952 954
951 955
955 956
954 957
953 958
957 959
955 960
958 961
959 962
962 963
960 964
961 965
963 966
963 967
963 968
964 969
965 970
969 971
967 972
972 973
971 974
973 975
975 976
972 977
974 978
977 979
978 980
976 981
977 982
979 983
980 984
980 985
984 986
983 987
984 988
987 989
988 990
989 991
989 992
992 993
993 994
992 995
991 996
992 997
996 998
994 999
999 1000
