2288679889
226678
235910
227472
238475
222695
238566
242543
235594
233175
232398
221214
227569
234375
236882
225146
224586
234336
234033
255830
228413
242009
252089
230221
221413
229441
217256
237643
233708
216455
224773
237910
229696
227929
242740
223169
243769
226999
227652
212387
217549
231458
236508
232049
232127
231931
226070
243791
223213
235880
250284
219520
218178
219335
236943
226723
239458
235272
235299
233352
236394
224847
232421
238408
230466
227281
213310
230326
231351
236816
244669
230597
236630
219775
218070
243932
210568
237667
223780
242238
234252
228683
216809
229162
240439
233185
238481
232448
227794
238618
239375
237914
222827
233956
228529
243569
233060
235312
227241
234868
