3
10 20
7 9 66570797
5 6 43543136
4 8 358010889
1 10 46781913
8 1 81866755
5 7 434948667
6 1 371708440
8 7 58029792
3 1 93388149
2 1 127528086
6 4 26091065
3 8 64398557
7 10 72822397
4 10 365703040
2 10 189141463
4 3 248722194
5 3 394630573
6 7 416363091
8 9 95181682
5 2 282626132
10 20
55677093 9 1
450215554 9 2
767630289 10 3
699997571 8 4
599038143 10 5
598361297 6 6
392390242 7 7
297405929 9 8
893497697 6 9
191813948 7 10
778675866 7 1
432430481 6 8
975176319 5 4
756419525 9 5
496927707 7 1
824019388 2 2
279557334 5 1
605215412 2 3
830157340 8 6
577336419 7 2
10 20
10 2 462440363
5 2 505472387
6 3 44874592
1 6 250171287
1 8 320466777
9 7 331570673
4 2 160251521
4 7 7444552
10 7 443436906
3 2 598512741
5 7 433096377
1 3 309745640
8 10 51652632
3 7 573065287
6 9 198736576
3 9 157175223
8 7 450570256
6 4 515690091
3 5 113148528
6 5 221215946
10 20
603559739 2 1
15859456 2 2
393258275 7 3
457224001 3 4
156077908 7 5
533414945 10 6
822285556 4 7
423764111 8 8
846370143 8 9
187906289 5 10
558524093 10 9
615148035 3 4
895984546 6 4
12222979 9 7
243855580 6 7
687832046 6 7
44951765 10 9
976799047 5 4
895386206 3 10
82054832 5 5
10 20
4 7 269198286
3 1 40654153
7 8 318422352
3 4 61215503
1 4 114997033
3 10 543357895
6 3 170491569
10 8 95300759
2 7 179828327
1 8 603015521
4 10 431036078
3 9 375418641
1 7 254749321
1 2 124003428
6 9 496578896
4 2 18001028
9 8 227208196
3 5 492220601
1 9 290587249
6 5 583419830
10 20
406377392 4 1
474483195 4 2
735587174 3 3
174741305 2 4
623777421 4 5
579821564 8 6
544143511 10 7
619829788 7 8
889604200 5 9
771604010 10 10
285919711 5 7
199427894 4 5
208591443 5 6
850412159 10 4
428617490 5 1
232999459 3 7
170291365 9 8
788275896 2 6
845567573 1 6
634781094 9 7
