3
100 200
71 3 11809968
85 16 224103587
98 63 146744301
55 7 24910772
24 53 87021403
28 73 343590704
81 48 120326094
41 30 26482566
19 40 17641988
42 74 140533425
96 39 139218308
83 78 91188100
76 49 154867725
63 42 162484988
7 80 32930766
78 62 343101438
78 65 242790255
37 80 85995008
40 46 61183260
86 48 200166778
98 14 324420341
30 54 340899043
69 31 24275975
64 2 82289243
98 87 27393426
12 44 19044040
41 51 199779852
90 36 8646218
13 6 59151290
96 67 84606218
33 17 143206763
45 97 165571350
42 62 92450438
28 51 127444032
83 88 359466473
33 1 208497536
5 14 29806261
55 24 53667808
37 50 165569176
64 49 77413136
87 7 119603442
92 64 113184462
80 47 73656919
95 25 113522758
30 1 343338571
41 70 6490263
98 76 156705552
19 10 153076370
52 18 40461629
76 44 257331317
87 71 44723093
10 88 187456195
64 66 223521316
81 90 132181364
30 23 450658604
87 28 12482733
40 91 290097936
32 52 28019415
28 65 271314435
99 94 3520622
83 74 468839362
98 92 123984297
70 95 33172161
30 59 210757877
64 82 91778219
92 38 225122373
46 18 94174204
78 3 20360818
55 38 229675791
59 96 117595238
97 36 52215106
52 84 71335258
76 80 24400560
33 42 161147322
24 61 99200572
93 73 331595611
8 61 4761921
28 85 163606112
77 60 93893842
99 76 195167359
59 1 143696139
65 2 9717877
7 43 206455618
97 56 59410865
42 23 144284642
76 8 120067606
88 72 131692298
59 22 65149496
56 82 38098477
78 17 222379104
2 96 14601526
94 95 39594457
69 36 201090359
87 22 249123988
94 43 392009600
52 100 174860609
31 56 189350877
84 75 34164860
92 9 105569709
75 22 36084082
18 11 226262262
43 66 95781971
97 34 153644258
99 100 335776001
99 19 37115558
92 63 23067201
92 91 194232483
87 45 35982037
45 55 71908025
19 89 149447363
83 77 310687346
46 64 152938154
28 93 18706979
8 12 122772747
46 29 210778271
83 26 453828107
19 53 272758683
76 11 253416706
25 59 82951970
45 56 232942969
27 35 23005283
28 13 164324599
25 27 215398569
63 39 309651267
45 23 388862983
17 79 18543260
87 4 353007706
57 39 225100171
84 73 176055307
51 60 212956223
94 83 849393
13 34 182427133
6 90 9785863
7 14 178831294
71 72 382395595
19 61 284535747
31 34 284658533
87 10 123522841
86 35 297759448
57 49 85326261
46 47 158409503
95 47 239869154
36 44 138920591
17 26 148172311
14 60 56746916
95 27 330864484
68 52 39371583
71 29 227729894
83 68 131611695
10 65 158374494
45 7 90040349
93 58 139998449
3 39 379517823
7 20 259047817
49 96 8829432
45 50 195715956
92 81 19897082
3 32 28458523
98 8 285605299
68 50 156288194
64 50 17463075
41 63 164821060
48 21 142591117
73 72 79646402
52 88 195896676
57 50 31820790
83 98 30308920
63 54 201167092
76 5 147384102
92 33 22279380
17 12 125884019
32 33 41291560
1 15 43296482
94 54 373893123
64 22 33655517
19 46 79801178
40 84 191753833
87 86 44700157
96 27 26120418
99 37 120107271
52 57 93399169
87 57 210128236
93 77 226479849
17 16 143173905
50 5 46839317
77 20 125857717
9 60 152407408
3 53 190457926
54 23 101847223
76 13 56106802
87 14 292027007
3 54 264321104
70 74 456299652
93 55 68631609
30 69 78923907
99 41 10093885
70 57 253686488
30 78 56674616
37 64 154525453
37 55 40511553
7 200
81376056 91 1
98328733 18 2
257825936 82 3
613345054 37 4
373459131 47 5
116877209 75 6
569605692 31 7
10351279 82 3
366928848 44 3
484785553 5 5
596665139 73 6
790257644 15 5
731545431 48 1
699974523 38 2
743306631 30 2
177976738 55 3
111487322 54 2
37890959 26 6
498164728 27 5
137966993 47 1
824043153 22 7
155375033 9 3
236676123 41 1
837070767 53 6
476316235 26 4
768714199 54 4
613837783 20 2
37264292 28 5
270716906 79 4
276577084 62 7
672564968 22 7
704813134 64 4
980864099 86 7
153825328 16 7
285523038 12 3
490447676 32 7
53721537 30 1
427308396 60 1
448604701 98 7
521692724 30 6
249519265 7 6
15843745 83 5
717030492 61 2
645170864 95 3
586802101 6 1
704248560 51 6
446485800 10 4
48557915 22 4
561751363 68 1
745554033 2 1
781266401 66 2
67737494 36 2
884690598 91 5
191777198 38 2
488795322 22 4
892210423 47 4
107008458 13 4
715084327 64 6
474000956 95 3
651824326 97 4
637192369 78 1
678820558 23 5
644765377 81 5
892997505 4 4
980666611 5 1
656607626 7 6
852697595 33 6
349083223 90 4
523610935 28 2
880327350 85 3
894760556 29 7
60648111 5 7
742195389 50 6
593708193 80 7
433234669 30 3
992156576 46 7
439684822 7 7
92581134 52 1
839033386 11 1
592975736 44 1
527884904 84 3
839901876 65 7
225488418 18 6
644208952 84 3
774740334 89 3
485167293 82 5
131757993 16 6
446948884 36 4
641107571 29 2
718885448 77 5
917202920 30 7
886833910 22 4
287097884 55 7
744906729 59 4
805494746 81 4
319451641 60 5
106878621 9 5
416800550 18 7
710434767 20 5
871809520 76 6
701260097 71 1
90454522 5 3
78843114 19 2
935376351 11 7
706986469 31 6
708452947 17 7
193736869 32 4
507891326 81 5
814772347 56 7
547338646 12 1
23937098 17 4
88799163 81 4
104116873 93 2
915320344 99 7
566968442 72 5
60358199 43 3
389533353 33 6
488580261 26 5
479826088 60 7
85102279 4 2
402267657 15 2
92824571 45 1
495835292 95 1
103346162 26 3
260495338 21 7
200509517 51 1
700831730 54 5
749889399 23 6
257727779 43 3
682959043 28 1
386996634 65 6
750478790 1 6
707573150 63 5
275835638 9 5
33688408 9 5
627570052 9 3
97912791 21 5
303147639 84 1
482853188 19 5
896227593 22 2
349238882 59 3
154012743 51 1
475308874 41 2
360377316 62 2
370142564 75 1
848061022 33 3
79965865 63 2
679440468 5 5
290578455 30 5
860119334 25 6
355006325 21 3
435641038 83 7
235091017 42 3
277905663 16 4
226536983 17 4
219033468 61 3
815031771 41 5
722066363 42 1
780274889 76 7
836826554 89 4
376947268 98 1
218078241 93 1
727447837 38 6
699841945 97 4
990997518 5 3
1366380 7 6
17038197 56 1
57914718 98 4
617390677 16 1
976290507 32 6
615846027 32 2
469298434 71 4
351207501 35 7
551409889 38 7
999995625 42 3
23277489 37 5
508875451 35 5
995728708 62 3
443433583 67 7
318181198 11 6
871714681 52 5
383635456 7 2
835101138 11 1
310247403 6 6
492785908 9 7
73729300 83 5
355910681 100 4
606100819 4 6
295695280 13 4
35000305 92 4
67420192 75 1
252686466 6 4
309564865 38 3
845128448 62 2
597680663 33 6
347997481 52 4
775850065 40 2
457469723 21 5
956338946 57 4
872636206 62 5
100 200
16 1 253491542
39 88 179080867
21 89 671990092
25 15 251697008
57 45 133870139
86 36 107722414
21 57 79981874
76 96 532615001
3 97 646926013
13 93 331538926
45 54 503552830
61 90 191960790
25 62 580340731
78 27 10786220
74 44 279709132
86 6 152784060
7 53 142580996
19 66 508369878
18 38 65492899
99 35 176649713
43 24 93900591
15 42 36385388
3 99 48012493
38 7 14041865
28 81 375847643
86 77 271665283
57 34 59090850
77 66 234823039
55 94 422744701
98 28 96551387
47 19 184029728
55 47 62262237
86 70 570483794
57 73 636461422
74 10 391638895
7 33 139598107
95 77 11439972
31 1 712395270
21 54 712817079
75 31 50032621
72 96 494291610
2 71 26019043
76 87 321088127
100 11 681485736
18 98 194653642
18 46 353795252
24 93 205938649
40 91 522798416
13 34 76749274
10 50 71636257
28 64 460315379
84 62 58825297
74 77 645852162
3 61 706377045
46 26 9149560
45 87 48711392
79 30 529289707
98 63 257635681
39 28 220470527
62 83 102268851
56 15 300883762
39 48 266532339
19 73 507443747
59 45 23594041
56 88 150547079
9 11 81111453
3 32 321245334
98 80 287378552
19 78 377819548
94 90 395417810
100 54 818625368
67 99 32048424
88 77 457737961
55 57 116915781
75 56 11065159
24 2 451937712
88 84 427150197
74 39 12951140
69 36 7235332
89 4 45741904
13 44 70080091
56 78 703045191
72 50 315533280
48 19 80528268
49 77 64462803
25 50 365003378
39 25 72573323
24 5 453499491
75 86 346483661
31 22 446186091
59 4 522615196
55 42 248711474
39 35 249600326
56 67 27491218
43 12 685982444
14 36 110788774
35 15 70220233
55 63 272120731
67 76 47943009
76 73 758081714
99 15 239187658
34 42 68542291
40 37 69649146
98 10 245255905
27 89 86981844
21 82 743356833
58 19 26639836
59 42 21299146
23 62 178367626
21 34 140515638
33 28 74032860
18 59 404643666
38 8 134184402
37 54 432098353
1 4 88545958
97 89 134677775
7 34 273218169
21 43 87872405
53 80 274645727
74 3 45938491
75 30 880193221
18 58 389636067
38 92 518124715
95 52 306511032
18 68 176310055
21 79 201116942
75 60 634986907
76 10 279019851
98 59 216396795
45 70 562015890
80 51 298212456
10 20 425333239
34 37 159640683
44 36 198409832
33 89 666010739
31 72 67559804
76 6 407046994
100 21 99906291
100 78 673659409
76 55 21967916
63 83 381366230
59 96 286309400
8 97 549466297
69 20 335941815
5 82 114716296
41 17 280054903
23 11 258357812
46 78 433581797
13 9 440375807
56 86 344163244
88 34 116911633
46 14 65628855
93 49 28112351
97 65 202539612
35 59 98791394
59 62 320517252
19 95 275522191
100 46 245639522
69 89 358307884
9 71 164625167
87 96 214428186
25 73 779362305
18 100 116505817
5 90 146721097
31 66 801890285
8 13 71784639
62 66 207658212
79 10 21903970
25 48 197804711
7 29 615755076
58 16 202141645
43 23 239699641
76 4 756414090
18 85 222117816
53 43 87929331
44 63 110498211
68 82 786959762
53 95 481246041
39 49 561614357
56 26 279023542
47 40 192205414
38 43 238604562
74 98 145018440
79 49 217239714
95 64 63645481
28 71 582014497
100 69 408002235
15 24 10592112
96 90 308408561
35 22 252294418
39 75 8815276
18 74 53199027
37 64 244312942
44 22 234284447
85 62 495567108
8 53 15360434
34 6 228651471
18 55 174284675
7 41 258014525
10 92 150559682
7 200
231702775 74 1
404535382 36 2
65758898 99 3
29201475 95 4
748571753 22 5
161386244 68 6
26061059 34 7
975635373 59 6
131739610 80 1
787052124 65 7
53279812 67 4
401045027 55 4
981090329 3 3
474668159 22 7
393758277 62 1
985195867 29 6
946733766 93 2
735755048 9 1
116396519 44 5
835465273 73 6
20158139 63 5
676228961 94 3
888330973 26 5
829045200 76 6
202924902 74 2
12974122 41 3
627771695 40 5
662689513 85 1
629725256 31 5
424801781 61 7
591171257 84 4
30422401 71 4
579578488 89 6
653078569 11 2
409879723 87 3
112527946 64 2
623858208 44 5
463990945 93 5
580609802 65 1
38374439 13 5
475915261 70 1
10753836 37 2
675060268 31 6
786784178 1 5
623763169 74 1
140265229 14 7
64963645 2 7
823283384 58 6
869077810 8 4
515566714 56 4
380429502 71 5
747613626 92 3
161727594 41 1
666579999 94 1
86667266 95 6
343009132 67 1
913384599 45 4
870547610 5 3
707044530 63 6
33604663 68 2
866988506 34 7
667236863 36 1
975309129 27 3
198249913 93 2
556051434 89 1
627494739 72 3
165215127 5 3
955189313 44 7
940789649 2 4
818709011 52 6
602991679 41 2
901432406 34 5
493463595 82 6
995770797 97 4
562665019 92 3
510363695 62 6
441283372 47 2
575623427 21 1
342945364 28 1
414258490 82 5
876971417 4 7
388536813 93 7
647198893 44 4
476295064 35 6
857912204 72 7
946371254 9 3
143046712 54 7
545770909 54 3
210671539 41 3
499309980 72 7
686184509 3 6
445224787 63 5
188908239 71 3
215652946 15 6
40299480 47 3
909747701 19 1
551898423 33 3
846069119 29 6
250647929 72 4
744351606 56 6
987988564 81 7
25533503 71 5
558674020 62 1
820548090 55 6
201353253 55 3
261245343 63 5
833292849 75 3
240869721 75 2
654137019 40 6
867814435 23 1
336833099 82 5
825951394 85 6
683296188 57 3
740545346 58 5
150026099 10 2
191498131 52 6
969270753 88 4
422160614 31 2
20199228 74 2
399210532 49 1
713097850 7 2
69311727 55 2
712123791 28 2
434149371 30 3
576785127 14 1
217029807 25 7
192032806 28 1
544594935 56 5
43573279 99 5
829162093 58 4
827763219 33 7
704147368 91 5
262057515 62 4
949933284 56 2
667805496 97 6
966411987 19 4
994073514 81 4
560068803 1 7
962605006 50 5
870073585 91 3
856558413 3 5
906685996 40 1
650378209 22 1
537087150 60 4
77064537 20 1
531765304 97 2
972482768 37 7
574290284 89 2
968313130 57 7
853564015 20 5
596587216 71 3
180090560 50 4
272222381 78 2
684507731 68 1
960140904 90 5
745114098 39 4
842730467 53 4
405736148 78 4
478992884 19 3
940679551 61 7
281701986 74 4
440462299 77 2
449215268 94 5
104093336 97 4
355315926 76 6
124764098 33 1
909823612 73 3
971536034 2 5
792951418 65 3
744170711 99 7
982348499 91 1
701546678 26 6
838837410 12 1
326562527 41 4
94673622 23 5
754645280 90 7
685952050 92 7
732371599 12 1
944201349 97 7
548351714 65 2
341265190 15 1
379551506 72 1
577756339 38 4
155446577 35 3
993378826 10 5
983958408 45 3
311592584 50 4
841433333 68 4
26091905 86 7
845913219 34 3
881220353 55 1
293107787 4 3
119139265 63 3
874219403 100 2
525024876 77 6
953100804 95 4
107033619 39 6
461705881 93 2
691805678 66 1
531350309 61 1
100 200
88 95 473860165
10 1 390115746
35 59 136291497
44 8 526790611
24 21 413166931
72 11 511770850
91 1 313423690
67 7 516859015
95 36 76054269
73 10 269637798
42 52 2383511
65 46 485436553
3 48 7329451
24 82 240091385
83 68 294090641
71 72 80046706
83 3 4568455
40 89 142540902
88 35 142767389
98 25 515919220
51 15 199702766
28 22 34621249
21 94 416544440
14 97 103582578
68 20 124761828
81 74 26625294
88 93 20590923
29 83 5286856
39 25 234829825
73 63 497362819
3 13 188954401
44 81 508362828
12 49 108061180
83 5 518007009
73 15 107489776
29 6 310859637
81 70 223822
76 69 449091792
4 44 165536005
41 55 204092173
84 18 84943894
46 22 112376144
12 46 636971523
9 6 24536925
16 26 276235670
33 74 235382024
35 53 437912978
29 40 673824927
91 33 180524614
14 69 772775837
62 23 223949858
29 82 253068435
4 78 345138783
82 89 566674764
71 5 180540461
96 24 55698245
84 60 329382831
62 61 63546112
6 86 408076074
5 87 303187604
4 88 54392883
12 32 789114871
30 19 48840057
82 69 476042607
3 62 99358247
76 54 598081688
99 38 268589019
3 73 117058545
56 29 47712616
47 34 172886981
12 72 445809586
68 70 559849913
79 19 324555961
97 66 371114496
72 5 102367312
10 36 374370452
21 64 292967510
51 91 447810195
14 7 799916812
56 76 331037050
53 58 114574225
24 51 13074415
97 2 398895583
95 17 4890467
71 33 303776633
97 92 804556037
47 100 281131960
84 62 56706977
66 85 47756626
28 90 229720832
7 92 107950311
96 14 1380925
4 82 73887594
56 12 13839130
3 54 867563087
83 88 218033149
96 9 334483883
26 92 627940004
84 41 475165252
46 7 162959026
23 78 191920241
56 96 4124543
60 10 8563688
3 71 329379731
23 72 85407767
83 46 600319532
24 39 676641279
84 50 735426636
68 25 629208766
56 14 11641113
65 42 221293193
15 38 459371775
6 55 426214670
93 86 480951371
23 7 428811902
37 59 491167821
72 31 62431982
86 94 109595634
49 62 39661367
47 20 323480816
9 89 530828708
15 45 98849013
3 66 417830892
93 33 409046400
64 30 38903614
45 71 24393156
100 98 22414370
57 34 183981780
51 50 759267463
83 57 91941854
83 69 722564683
16 72 452297680
75 50 184270734
24 61 148711966
85 28 200735945
98 21 11795387
57 33 555243144
40 69 56011179
37 47 95972617
97 19 731528346
51 58 900914720
100 86 326151641
62 80 96723630
56 16 7069080
87 27 75502073
42 87 470603990
84 65 62096956
9 31 188471550
66 2 35971683
15 82 22452891
60 95 316688686
34 11 650601915
57 21 319451883
100 5 125685575
12 67 287914571
24 37 2943409
23 59 181314658
48 84 42284234
53 74 82800474
45 1 454495942
14 32 788843358
34 99 132712585
16 99 452112586
52 28 342885603
83 8 869166403
47 41 414287450
68 46 305490338
79 27 422071433
76 89 533854380
49 2 397933766
37 49 53032997
15 59 273528079
73 4 50643387
20 50 358737673
76 46 321430964
78 50 262621720
97 79 410470991
24 84 42313303
98 91 57012581
13 63 424890866
9 40 391396298
64 81 144604313
73 80 81697495
100 55 341812071
37 23 312559640
78 74 366478646
97 43 453250785
4 95 515353888
10 77 141025085
43 87 294088056
35 41 159497035
71 17 357788154
67 17 455493208
78 75 83157825
14 37 56206924
91 46 127399487
48 67 227709456
3 7 742229088
14 93 281497514
45 98 96266226
7 200
350708385 51 1
753780813 31 2
734431291 28 3
981568365 2 4
919000988 11 5
714995088 98 6
349952178 16 7
637929180 75 2
655493844 1 6
952443058 46 5
843491236 96 5
740743273 25 3
759706331 74 1
451711051 14 1
526518234 41 5
829993244 56 2
731933345 56 3
594946360 36 1
964738574 86 6
227765998 31 5
998314327 72 5
368500252 24 2
506008777 6 2
751823628 91 7
377078211 66 4
891617422 50 1
47197678 41 3
429965142 95 5
473972159 42 6
534066840 26 3
546465839 8 7
956553185 84 6
257257400 13 5
150301241 76 6
792230548 39 5
277725815 20 4
715483186 14 5
480277221 50 2
565413881 92 3
935243285 16 4
366044992 10 7
80152834 87 4
47473294 43 6
842390634 76 7
633300495 73 1
74012522 88 5
382511959 78 6
299646812 40 2
839844442 16 4
741822190 99 5
218558379 64 4
824343172 51 6
35790837 93 5
699550672 30 5
738553016 16 6
408396463 22 5
236351045 75 5
989235526 79 5
658281211 70 2
766104413 68 6
233573315 53 6
965450491 52 4
571131339 47 4
255045188 53 5
481514367 46 5
273300111 21 2
653215949 83 3
360392908 93 6
794940569 68 5
468636437 44 4
704950142 40 6
249603986 1 6
577649608 71 1
230136978 74 5
897413807 79 6
324909031 26 1
167599829 57 3
323196291 53 3
102340098 20 5
372115793 28 4
524466207 22 1
693972565 96 6
356992880 84 3
145742087 6 2
594886166 96 5
69437164 3 6
535487173 68 5
479034743 12 3
306160322 73 5
23092255 94 2
385745696 33 6
304259521 12 6
396636476 86 3
332949304 32 5
104338550 8 4
303677755 35 3
609347377 40 2
734825335 75 6
949765390 81 2
847060205 54 4
547839076 19 5
241212814 80 3
965760259 6 2
970330901 61 6
204196395 22 4
703727908 53 1
487972807 96 1
651754146 96 7
671055599 11 2
251032660 14 2
343583133 11 5
118567099 26 6
736739758 17 5
984323373 9 4
851692829 36 6
156534327 5 4
153952635 23 5
417818930 51 6
128758450 76 4
31073572 34 5
511275258 65 3
668335322 49 5
970047516 37 5
991275075 35 6
351284199 60 6
951917327 96 2
435465200 78 6
717477000 51 6
718879374 92 4
26679472 39 4
171820309 88 3
129885852 98 6
447982418 72 4
259051025 92 3
758296136 42 3
476119645 76 6
757845033 58 6
365731447 88 5
432744855 54 4
895594586 69 6
80390172 9 5
591757727 25 5
127728615 92 3
993572698 80 6
961357513 41 6
257315127 45 3
208893552 82 4
24924117 3 4
839432163 8 6
450756193 59 1
262720574 6 5
885554039 3 6
339945134 81 3
824987445 14 4
932312496 66 4
24394401 26 6
82989446 95 3
459973182 40 6
92917754 29 6
152114666 66 7
623005015 33 1
927171578 79 7
112763045 1 2
939854744 62 6
604008740 5 6
149751388 43 6
678551307 34 6
335662890 2 5
246991746 43 3
885956684 61 5
787317214 70 4
135848656 74 4
567704092 9 3
665430307 100 4
798083233 65 5
195465967 38 3
62075183 39 2
670787122 96 5
791617835 17 1
435999135 68 5
27005198 38 3
697508922 17 3
183745321 5 3
118970927 35 3
281338269 15 6
484808946 23 3
770519962 32 5
570123933 20 1
419065816 20 1
267361927 90 6
460514899 85 5
552044833 85 4
920932171 3 2
385235221 6 6
12947323 38 4
621618594 37 6
306446745 48 6
859031601 37 5
887402766 68 5
737229628 12 4
