500 30
510995160 648019968 156075179
50732038 830472192 865766829
284801544 627923996 914791206
861144568 192047616 957789454
252367186 326444800 830797294
616155655 42924216 742044975
910663980 201326592 741188614
151726449 668356592 306879978
742147625 553648128 952922927
931604117 402653184 979520784
193245637 939524096 634146626
778456813 805830656 329426773
244655158 726815936 951520009
572649369 720001282 299018240
659073965 805306368 647538870
229792064 1050148864 98154112
867045924 12599481 662217719
519321691 127926272 8822182
544926251 268435456 703848955
429683495 758293344 896340391
209534854 680485426 9196283
823326005 201326592 257687065
674636265 826274439 636670911
981192089 23019520 379030189
75245025 71059840 668179318
351553959 109074640 903279936
699593973 726138880 383766700
433206979 1 818489991
539881473 698121600 767825088
22227136 53865515 562102115
1025082609 866058240 516198422
137369531 340637984 822113862
544926251 268435456 229831400
14423917 338534592 128802343
908845296 14231811 227676249
887555697 55106691 281744575
414335086 201326592 949403608
931603897 939524096 596580563
290804305 234924032 880156563
40606215 1061893008 384265672
921820346 305219328 657330201
380264735 67245568 212057514
1005086686 642196487 360824431
554458134 669851712 928441210
769781176 516186112 213772850
675164338 1023965697 445729530
823325997 738197504 341417441
910663595 939524096 146396698
577728247 671088640 278027748
23404919 461174272 661751940
433206979 1 971305997
778503793 121634816 275450996
699578549 978845696 200036275
422515959 762664576 523648819
255270949 367947584 523315166
49087117 1052770304 508041829
775993372 750988800 16579252
510993150 929038336 63348844
770869897 612368384 976279652
836680412 51559984 822930647
210486940 570425344 83853914
203346272 1058227552 935938984
577728707 335544320 179064581
991267768 402653184 459762218
723877155 484618717 909315486
895876568 779619840 877662736
713896909 1035177984 551714325
399071585 923271168 468577712
541125308 887005628 386959471
50733802 698351616 691252623
210486820 671088640 27357685
900951204 686826496 938112289
391530379 758382592 287235553
26356788 610525845 446208161
232576794 17825792 347057446
283484156 352665600 446627553
262730734 656863476 554089346
699637429 14155776 763109909
878170369 218966902 500168249
845555901 1 727022988
152678345 311791616 30938753
530341603 48886784 903554121
770923807 455344128 692095233
55892472 402653184 972688103
472309000 944504832 358344791
157610218 169531392 204712218
106086742 525185296 495826976
496364699 530579456 919566666
55892217 805306368 12836689
811135429 19529728 332515695
251345559 259614720 869341286
496375427 218103808 86322467
635364047 159949920 452807562
232488530 1069547520 165938423
391544458 693633024 866889651
322832247 222713984 297837954
416276875 100663296 620400771
49094813 834666496 126919547
31432004 536870912 825060210
1033588522 311256192 385644977
237576609 823590912 872795188
961975054 1023148032 99237520
991267768 402653184 718530248
630889657 494927872 82438671
812977426 844465904 501966960
152091847 427375624 901560825
149902844 744528161 968648370
289641981 374949888 609649934
855581581 1 52121307
375269665 112459776 713298257
787293566 169738240 1390043
732632369 536870912 296948633
391607386 404226048 649744566
331160858 631007232 82106943
284755195 963663872 982392862
278189972 876609536 349391987
290315492 271319040 970168636
416276092 1006632960 83967762
659074123 268435456 877515043
278185052 1002438656 983857316
275571931 1010398400 478495897
778454977 832569344 771127296
699611821 433717248 7770986
124302317 201326592 604501386
1025104775 502890496 872477242
980905869 960905216 980959571
348846107 230686720 202241413
7336349 417998868 356797210
364700325 530284544 517667476
445155861 553648128 712763864
472303848 1028915200 4732180
190978763 6606976 747116639
606859598 100663296 347649523
820849787 1061522728 850865417
347168412 872415232 246038106
521019438 693817216 789625593
433206979 1 260656600
810755134 173375488 393091357
521508361 52658352 112112108
135097380 710934528 477539092
519250774 1013186560 344822861
742143068 964689920 249521357
750466389 98999296 5405107
401244102 622468288 660587118
150562977 897875024 348206412
284487258 725234852 26992482
530808354 561774336 891389462
378982558 628097024 587949650
778446517 955777024 2363046
1068172791 499814736 257142767
754614876 75007280 790851677
369845979 621059776 632034266
399132737 759693312 990756031
209436908 537555792 40546112
278217442 174063616 187215574
695224028 334724844 549375072
330115094 677566464 606645390
871245583 243732928 518390535
55892472 402653184 402035408
290144293 877789184 856543462
510993960 815792128 339777916
161467200 173352162 5844741
901683864 335544320 577796006
669518023 326645196 874274945
335212375 791393912 192229644
728097869 671633408 30992863
275888338 472449024 982489820
229983776 3145728 232505470
235891043 867927357 608647054
633623032 434284160 260215338
856647472 133641500 979453770
472340216 433061888 189718473
771054307 75235328 236633226
845555901 1 748122747
595255316 19722816 879642034
576116907 216794112 5869563
31432023 268435456 30542476
414335542 100663296 353224823
124301507 704643072 619976911
275811112 555417600 872113999
901683000 939524096 399573824
336152410 408774656 454259302
416276353 704643072 1744959
808713448 999325696 427976806
966763361 134217728 763182209
659073965 805306368 900241225
564761937 42481040 528890233
399260333 418381824 884764828
526883179 344005632 194720470
908829774 542761216 998352600
378953604 658702336 404243971
976857278 939524096 152230498
371779552 952107008 638897764
79238815 844836179 580833603
519313270 233046016 79250722
282592004 555679744 785121135
659074044 536870912 592962104
135006020 785776640 388142646
749926946 632553472 834071662
460042267 1031962325 551877994
261266146 475325179 721894945
50734642 635437056 731948183
341856824 154804224 522790166
1025119453 262406144 69982879
948648956 1027380912 705817224
31359559 698681344 990341068
210486460 973078528 748585115
124301993 402653184 191559949
364125587 585031680 560326659
232562274 190840832 16848719
496378217 136839168 669686947
135435505 90364316 562454505
742152182 142606336 988913066
245885809 483246080 1593382
249480759 335996928 99418740
94901991 339948944 151009207
901683768 402653184 849491388
745195696 953147904 57846100
360943931 888102912 587769045
510999435 50331648 953430143
976897356 214958080 431086667
529338523 134482944 257804966
49111537 360710144 155917150
901683240 771751936 678307923
50733830 696254464 254466186
414333262 603979776 669072986
606859598 67108864 949397144
730207582 314408960 506681910
895178144 66382464 434365686
769771504 522788864 319582561
992530156 313814864 48508039
521926235 212452416 547789774
455848722 682176320 626727301
25189153 890150912 229065060
90784062 938224655 853244889
1025106501 474611712 107172290
606859598 1023410176 863203788
149572805 401371136 217059523
259138646 451132864 874114840
544926251 268435456 940978105
927451089 483996602 324383565
143976159 562806784 406970258
729856879 952844288 941414460
286396885 765888512 989400073
711090786 325318528 700929127
770259166 189878272 405171239
445155273 671088640 343424781
584715679 498352326 69634111
823325998 671088640 1072921
108008957 151364512 558469639
348808583 973078528 428500611
823035045 868795984 678805016
559603098 579821166 458436249
245599781 252049696 749514074
38068591 490498048 763642910
82852963 665486568 421639408
900726448 690936320 180767928
284712836 73072640 245992814
280654628 996540416 237674538
416276208 872415232 504272842
845555901 1 68506721
875141354 469703360 767354369
873692680 630980608 207341363
354998280 139864192 164686658
229965872 100925440 314461226
21132059 379383808 32421412
931604227 134217728 498429136
544926199 536870912 177090057
864201716 894109981 738906344
966763247 536870912 143529437
1054013744 191471690 160156778
730021137 6212344 655793740
184373366 778591930 109774615
786445450 682380288 635733430
31432023 268435456 747557338
375104647 627441664 693215697
732632323 671088640 696736456
823325998 671088640 587411873
209512166 680344320 453645129
470939019 189598213 771404186
642970284 708940169 770660346
976869110 725614592 909139527
193245814 536870912 15196954
770861707 636223488 304912042
630889501 595591168 178592950
416276788 201326592 6051929
312403409 958142976 580837444
371800848 444596224 984866211
749928386 630980608 314562837
124301939 436207616 942921312
406541093 100575520 848107272
630889163 813694976 68405024
991267392 671088640 195509295
991268238 67108864 277800825
577728983 134217728 262026030
713835709 1036744704 123755093
227813884 529207552 188502061
378602932 1029373952 627031206
316932651 835921408 598407420
630458016 376916992 180324010
910663595 939524096 491355640
337179134 632882176 387394724
787094198 672268288 774352048
496373375 277872640 698622502
351344385 206678272 458525810
134772980 976683008 572383757
544926199 536870912 34988879
770883847 571736064 113754697
348810226 940572672 127735054
409516788 816960128 102622346
20675941 1030197248 944591157
606859598 67108864 794979665
966763247 536870912 845448272
439960878 959911808 701400129
193245991 134217728 275580287
193245991 134217728 964604242
371564927 181458432 702244852
414333338 587202560 200293246
845555901 1 819207899
761049276 2812000 701625267
770425714 76181504 9274091
577728707 335544320 525551837
917838127 671279340 982154133
1063396302 700790504 376625602
759948522 136702720 660637312
31431985 805306368 932772008
730327435 96223232 384752325
845555901 1 190766047
962191435 339738624 592622723
374980285 1015545856 158377190
254141440 311792896 992842897
717933171 352809216 475074317
348844146 269484032 29902977
210486760 721420288 865892297
980923904 901808128 483444498
290099375 1036910592 433136877
31432023 268435456 40013502
790613624 683254572 912016626
905216353 1072660616 156437695
210486960 553648128 249921087
135590660 306839552 106245063
699595397 702808064 436848847
966763323 268435456 657033807
630889215 780140544 30518528
374984359 1002831872 760956644
232500586 925892608 61684840
229981568 15204352 755672954
656112796 716717488 831816484
910663770 603979776 899566869
871140740 530350912 320698930
931604227 134217728 507115227
804903034 351993124 719093107
787128986 584581120 726873511
729857734 951287808 12817126
519286705 564658176 762620595
606859598 872415232 868946642
659074123 268435456 256394676
810585925 241827840 148189021
348844040 271581184 437916544
176638839 316954112 470042009
1043963394 269741680 149168711
399336773 213909504 339386544
397423267 1004880938 642281583
525907483 427265024 531940259
732632484 201326592 982993778
391526047 778305536 179488574
730244545 247119872 203095212
740042885 240454744 350186650
496360685 647495680 543601902
246668708 948537657 454626933
414333946 452984832 533565996
962029419 851443712 178208492
55892557 268435456 985457904
874140666 440336384 913521975
347181822 403701760 377730464
519317659 178257920 482580614
750198866 335544320 742750454
290143886 879230976 678216976
433206979 1 473411339
296582465 1030743904 216943040
124301507 704643072 294596400
193245637 939524096 440390891
378870090 746979328 343106312
576042391 32019088 772119382
347192892 16777216 4632935
55892472 402653184 322406863
751015229 84948992 243902095
976865804 785383424 404096675
787248040 284491776 724444668
46248119 856485995 876878048
931604117 402653184 209740950
445158381 50331648 618702530
855581581 1 675570241
597296423 931621632 886976606
472308312 955777024 789726225
282745580 520732672 232667705
742148090 511705088 57143092
330426544 589175936 728662276
732632530 67108864 296836411
396457942 845072735 145694871
980977209 727138304 839400895
347164632 1004535808 291151127
794965236 203413696 676232253
290186732 727449600 995594626
857456260 216258048 180643056
962027012 859045888 205366722
787172926 473825280 405529666
345517031 647454784 195314888
646683630 927394830 165212709
278183494 1042284544 835371235
910663980 201326592 239548452
507736362 611355520 167758927
611428851 412217472 720142497
379516440 63766528 485884837
902704107 506445909 884364783
14356485 338669456 971336134
154354625 656332552 747579381
976873054 654311424 242860641
543594093 560918272 722333998
314481230 880747392 811618984
855581581 1 177358201
962103372 617873408 451751194
901683912 301989888 485719531
23141371 953694208 657470992
403482269 1013467168 786135434
1025079845 911343616 190044425
275399911 997195776 923803657
962782814 321727040 355107644
619869099 554824640 738315547
445156869 352321536 844774106
488771434 856073280 866997318
284796335 958707712 409427993
278214162 257949696 454956024
981072909 413548544 129263513
332439620 695103488 664081485
778438489 1072693248 653756103
883483342 1048427600 729872278
874859153 134578176 972949498
365815315 424075264 800983437
855581581 1 824343574
848915370 495929344 379589011
238418259 789116928 597599326
966763285 402653184 899916945
229912448 392691712 725281681
732632300 738197504 639846295
873751816 605814784 115937476
347184042 326107136 381748862
134587545 833622016 78266354
697581402 710545568 234533494
704764676 305970045 238771496
749654786 929824768 683595215
398769909 971792512 565458381
480608272 1000431514 697855712
391557112 635437056 489917318
371787472 763363328 559558761
371818624 20971520 190293251
630889930 318767104 235146830
379934771 100175181 408140869
808784080 970752000 175767510
276230304 105054208 248301379
454070942 981966997 246697874
577728155 738197504 142733825
445157793 167772160 365857827
371787560 761266176 631798514
50738030 381681664 41348261
610199160 554960912 436333975
568301809 128437602 63271787
471119309 690824448 707866814
433206979 1 523851076
275563635 821297152 468068288
399231815 494665728 650754073
84807773 197766880 495913728
770101024 297836544 460351581
855581581 1 757404679
147362175 5124160 792300274
510994785 700448768 808116930
742141952 1065353216 925602417
364490657 550256640 343490235
361534087 106579608 811208668
749923526 636289024 733098098
567042417 829165640 642279199
322110205 1071233824 308004404
335609748 432934912 409390071
472330712 588775424 84653858
572884647 421445723 795051813
651639658 693205056 952928433
232570634 91226112 219707160
135234660 598474752 179506175
823325998 671088640 356494966
375076255 716046336 593888894
49087635 1038090240 664675721
991267580 536870912 258477105
874136354 442171392 487946645
50409655 93766464 909439616
520011607 930379776 125433806
454311433 890010792 956375274
49098809 721420288 112771553
164538640 878550288 453257565
201180172 749150464 471343622
875050277 727407424 391750626
